    4  100   34   15    2    2    1   24     19    0    0  100
       0.0000000000E+00   0.0000000000E+00   0.0000000000E+00   0.0000000000E+00   0.0000000000E+00   7.7891124971E-03   0.0000000000E+00
       0.0000000000E+00   1.2341366112E-02   7.0698986340E-01   5.3968199529E-05   1.6614203100E-03   0.0000000000E+00   0.0000000000E+00
       2.2221264084E-03  -1.2341429356E-02   7.0698624040E-01  -2.9002256537E-05   3.0916167740E-03   0.0000000000E+00   0.0000000000E+00
      -3.7294401955E-03   1.7456303117E-02   3.7285386334E+04
       1.5999999642E-01   2.2169876246E+01   1.1000000000E+02   3.7285386334E+04   1.0000000000E-01   3.0000000000E+05   5.7000000000E+02
       2.4560000000E-01   3.2400000000E+06   1.0000000000E+00   1.0972276543E-01   0.0000000000E+00   0.0000000000E+00   0.0000000000E+00
       0.0000000000E+00   0.0000000000E+00   0.0000000000E+00   0.0000000000E+00   0.0000000000E+00   0.0000000000E+00   0.0000000000E+00
       0.0000000000E+00   0.0000000000E+00   0.0000000000E+00   0.0000000000E+00   0.0000000000E+00   0.0000000000E+00   0.0000000000E+00
       0.0000000000E+00   0.0000000000E+00   0.0000000000E+00   0.0000000000E+00   0.0000000000E+00   0.0000000000E+00   0.0000000000E+00
       0.0000000000E+00   0.0000000000E+00   0.0000000000E+00   0.0000000000E+00   0.0000000000E+00   0.0000000000E+00   0.0000000000E+00
       0.0000000000E+00   0.0000000000E+00   0.0000000000E+00   0.0000000000E+00   0.0000000000E+00   0.0000000000E+00   0.0000000000E+00
       0.0000000000E+00   0.0000000000E+00   0.0000000000E+00   0.0000000000E+00   0.0000000000E+00   0.0000000000E+00   0.0000000000E+00
       0.0000000000E+00   0.0000000000E+00   0.0000000000E+00   0.0000000000E+00   0.0000000000E+00   0.0000000000E+00   0.0000000000E+00
       0.0000000000E+00   0.0000000000E+00   0.0000000000E+00   0.0000000000E+00   0.0000000000E+00   0.0000000000E+00   0.0000000000E+00
       0.0000000000E+00   0.0000000000E+00   0.0000000000E+00   0.0000000000E+00   0.0000000000E+00   0.0000000000E+00   0.0000000000E+00
       0.0000000000E+00   0.0000000000E+00   0.0000000000E+00   0.0000000000E+00   0.0000000000E+00   0.0000000000E+00   0.0000000000E+00
       0.0000000000E+00   0.0000000000E+00   0.0000000000E+00   0.0000000000E+00   0.0000000000E+00   0.0000000000E+00   0.0000000000E+00
       0.0000000000E+00   0.0000000000E+00   0.0000000000E+00   0.0000000000E+00   0.0000000000E+00   0.0000000000E+00   0.0000000000E+00
       0.0000000000E+00   0.0000000000E+00
    4  200   34   16    2    2    1   24     19    0    0  100
       0.0000000000E+00   0.0000000000E+00   0.0000000000E+00   0.0000000000E+00   0.0000000000E+00   1.5893806136E-02   0.0000000000E+00
       0.0000000000E+00   1.1691427536E-02   7.0698810534E-01   9.1533193303E-05   3.9340997210E-03   0.0000000000E+00   0.0000000000E+00
       2.9581658880E-03  -1.1691494870E-02   7.0698403362E-01  -6.5058388337E-05   5.5350389003E-03   0.0000000000E+00   0.0000000000E+00
      -3.6245592610E-03   1.6537046072E-02   7.3774881290E+04
       1.5999999642E-01   6.8616364159E+01   1.1000000000E+02   7.3774881290E+04   1.0000000000E-01   3.0000000000E+05   5.7000000000E+02
       2.4560000000E-01   3.2400000000E+06   1.0000000000E+00   6.4785041599E-02   0.0000000000E+00   0.0000000000E+00   0.0000000000E+00
       0.0000000000E+00   0.0000000000E+00   0.0000000000E+00   0.0000000000E+00   0.0000000000E+00   0.0000000000E+00   0.0000000000E+00
       0.0000000000E+00   0.0000000000E+00   0.0000000000E+00   0.0000000000E+00   0.0000000000E+00   0.0000000000E+00   0.0000000000E+00
       0.0000000000E+00   0.0000000000E+00   0.0000000000E+00   0.0000000000E+00   0.0000000000E+00   0.0000000000E+00   0.0000000000E+00
       0.0000000000E+00   0.0000000000E+00   0.0000000000E+00   0.0000000000E+00   0.0000000000E+00   0.0000000000E+00   0.0000000000E+00
       0.0000000000E+00   0.0000000000E+00   0.0000000000E+00   0.0000000000E+00   0.0000000000E+00   0.0000000000E+00   0.0000000000E+00
       0.0000000000E+00   0.0000000000E+00   0.0000000000E+00   0.0000000000E+00   0.0000000000E+00   0.0000000000E+00   0.0000000000E+00
       0.0000000000E+00   0.0000000000E+00   0.0000000000E+00   0.0000000000E+00   0.0000000000E+00   0.0000000000E+00   0.0000000000E+00
       0.0000000000E+00   0.0000000000E+00   0.0000000000E+00   0.0000000000E+00   0.0000000000E+00   0.0000000000E+00   0.0000000000E+00
       0.0000000000E+00   0.0000000000E+00   0.0000000000E+00   0.0000000000E+00   0.0000000000E+00   0.0000000000E+00   0.0000000000E+00
       0.0000000000E+00   0.0000000000E+00   0.0000000000E+00   0.0000000000E+00   0.0000000000E+00   0.0000000000E+00   0.0000000000E+00
       0.0000000000E+00   0.0000000000E+00   0.0000000000E+00   0.0000000000E+00   0.0000000000E+00   0.0000000000E+00   0.0000000000E+00
       0.0000000000E+00   0.0000000000E+00   0.0000000000E+00   0.0000000000E+00   0.0000000000E+00   0.0000000000E+00   0.0000000000E+00
       0.0000000000E+00   0.0000000000E+00
    4  296   32   17    2    2    1   24     19    0    0  100
       0.0000000000E+00   0.0000000000E+00   0.0000000000E+00   0.0000000000E+00   0.0000000000E+00   2.7290632485E-02   0.0000000000E+00
       0.0000000000E+00   1.1055775429E-02   7.0692957932E-01   1.8433411238E-04   9.5828474173E-03   0.0000000000E+00   0.0000000000E+00
       2.9441601499E-03  -1.1055708732E-02   7.0693384413E-01  -1.4986665287E-04   1.1786782710E-02   0.0000000000E+00   0.0000000000E+00
      -3.3417535827E-03   1.5639052397E-02   1.2150941515E+05
       1.5999999642E-01   9.0922018772E+01   1.1000000000E+02   1.2150941515E+05   1.0000000000E-01   3.0000000000E+05   5.7000000000E+02
       2.4560000000E-01   3.2400000000E+06   1.0000000000E+00   6.6139104662E-02   0.0000000000E+00   0.0000000000E+00   0.0000000000E+00
       0.0000000000E+00   0.0000000000E+00   0.0000000000E+00   0.0000000000E+00   0.0000000000E+00   0.0000000000E+00   0.0000000000E+00
       0.0000000000E+00   0.0000000000E+00   0.0000000000E+00   0.0000000000E+00   0.0000000000E+00   0.0000000000E+00   0.0000000000E+00
       0.0000000000E+00   0.0000000000E+00   0.0000000000E+00   0.0000000000E+00   0.0000000000E+00   0.0000000000E+00   0.0000000000E+00
       0.0000000000E+00   0.0000000000E+00   0.0000000000E+00   0.0000000000E+00   0.0000000000E+00   0.0000000000E+00   0.0000000000E+00
       0.0000000000E+00   0.0000000000E+00   0.0000000000E+00   0.0000000000E+00   0.0000000000E+00   0.0000000000E+00   0.0000000000E+00
       0.0000000000E+00   0.0000000000E+00   0.0000000000E+00   0.0000000000E+00   0.0000000000E+00   0.0000000000E+00   0.0000000000E+00
       0.0000000000E+00   0.0000000000E+00   0.0000000000E+00   0.0000000000E+00   0.0000000000E+00   0.0000000000E+00   0.0000000000E+00
       0.0000000000E+00   0.0000000000E+00   0.0000000000E+00   0.0000000000E+00   0.0000000000E+00   0.0000000000E+00   0.0000000000E+00
       0.0000000000E+00   0.0000000000E+00   0.0000000000E+00   0.0000000000E+00   0.0000000000E+00   0.0000000000E+00   0.0000000000E+00
       0.0000000000E+00   0.0000000000E+00   0.0000000000E+00   0.0000000000E+00   0.0000000000E+00   0.0000000000E+00   0.0000000000E+00
       0.0000000000E+00   0.0000000000E+00   0.0000000000E+00   0.0000000000E+00   0.0000000000E+00   0.0000000000E+00   0.0000000000E+00
       0.0000000000E+00   0.0000000000E+00   0.0000000000E+00   0.0000000000E+00   0.0000000000E+00   0.0000000000E+00   0.0000000000E+00
       0.0000000000E+00   0.0000000000E+00
    4  300   34   18    2    2    1   24     19    0    0  100
       0.0000000000E+00   0.0000000000E+00   0.0000000000E+00   0.0000000000E+00   0.0000000000E+00   2.7789243010E-02   0.0000000000E+00
       0.0000000000E+00   1.1031884214E-02   7.0692435866E-01   1.8962192669E-04   9.9125687002E-03   0.0000000000E+00   0.0000000000E+00
       2.9404510188E-03  -1.1031809318E-02   7.0692915801E-01  -1.5468920602E-04   1.2151076496E-02   0.0000000000E+00   0.0000000000E+00
      -3.3316036435E-03   1.5605360295E-02   1.2350941535E+05
       1.5999999642E-01   9.0870494303E+01   1.1000000000E+02   1.2350941535E+05   1.0000000000E-01   3.0000000000E+05   5.7000000000E+02
       2.4560000000E-01   3.2400000000E+06   1.0000000000E+00   6.6197481169E-02   0.0000000000E+00   0.0000000000E+00   0.0000000000E+00
       0.0000000000E+00   0.0000000000E+00   0.0000000000E+00   0.0000000000E+00   0.0000000000E+00   0.0000000000E+00   0.0000000000E+00
       0.0000000000E+00   0.0000000000E+00   0.0000000000E+00   0.0000000000E+00   0.0000000000E+00   0.0000000000E+00   0.0000000000E+00
       0.0000000000E+00   0.0000000000E+00   0.0000000000E+00   0.0000000000E+00   0.0000000000E+00   0.0000000000E+00   0.0000000000E+00
       0.0000000000E+00   0.0000000000E+00   0.0000000000E+00   0.0000000000E+00   0.0000000000E+00   0.0000000000E+00   0.0000000000E+00
       0.0000000000E+00   0.0000000000E+00   0.0000000000E+00   0.0000000000E+00   0.0000000000E+00   0.0000000000E+00   0.0000000000E+00
       0.0000000000E+00   0.0000000000E+00   0.0000000000E+00   0.0000000000E+00   0.0000000000E+00   0.0000000000E+00   0.0000000000E+00
       0.0000000000E+00   0.0000000000E+00   0.0000000000E+00   0.0000000000E+00   0.0000000000E+00   0.0000000000E+00   0.0000000000E+00
       0.0000000000E+00   0.0000000000E+00   0.0000000000E+00   0.0000000000E+00   0.0000000000E+00   0.0000000000E+00   0.0000000000E+00
       0.0000000000E+00   0.0000000000E+00   0.0000000000E+00   0.0000000000E+00   0.0000000000E+00   0.0000000000E+00   0.0000000000E+00
       0.0000000000E+00   0.0000000000E+00   0.0000000000E+00   0.0000000000E+00   0.0000000000E+00   0.0000000000E+00   0.0000000000E+00
       0.0000000000E+00   0.0000000000E+00   0.0000000000E+00   0.0000000000E+00   0.0000000000E+00   0.0000000000E+00   0.0000000000E+00
       0.0000000000E+00   0.0000000000E+00   0.0000000000E+00   0.0000000000E+00   0.0000000000E+00   0.0000000000E+00   0.0000000000E+00
       0.0000000000E+00   0.0000000000E+00
    4  400   34   19    2    2    1   24     19    0    0  100
       0.0000000000E+00   0.0000000000E+00   0.0000000000E+00   0.0000000000E+00   0.0000000000E+00   4.0786347621E-02   0.0000000000E+00
       0.0000000000E+00   1.0561179872E-02   7.0659253483E-01   3.8937212005E-04   2.2417479838E-02   0.0000000000E+00   0.0000000000E+00
       2.7242925428E-03  -1.0560833198E-02   7.0661572969E-01  -3.3505486346E-04   2.6051678702E-02   0.0000000000E+00   0.0000000000E+00
      -3.0350545332E-03   1.4946143183E-02   1.7325934385E+05
       1.5999999642E-01   2.8086470175E+01   1.1000000000E+02   1.7325934385E+05   1.0000000000E-01   3.0000000000E+05   5.7000000000E+02
       2.4560000000E-01   3.2400000000E+06   1.0000000000E+00   6.7694135373E-02   0.0000000000E+00   0.0000000000E+00   0.0000000000E+00
       0.0000000000E+00   0.0000000000E+00   0.0000000000E+00   0.0000000000E+00   0.0000000000E+00   0.0000000000E+00   0.0000000000E+00
       0.0000000000E+00   0.0000000000E+00   0.0000000000E+00   0.0000000000E+00   0.0000000000E+00   0.0000000000E+00   0.0000000000E+00
       0.0000000000E+00   0.0000000000E+00   0.0000000000E+00   0.0000000000E+00   0.0000000000E+00   0.0000000000E+00   0.0000000000E+00
       0.0000000000E+00   0.0000000000E+00   0.0000000000E+00   0.0000000000E+00   0.0000000000E+00   0.0000000000E+00   0.0000000000E+00
       0.0000000000E+00   0.0000000000E+00   0.0000000000E+00   0.0000000000E+00   0.0000000000E+00   0.0000000000E+00   0.0000000000E+00
       0.0000000000E+00   0.0000000000E+00   0.0000000000E+00   0.0000000000E+00   0.0000000000E+00   0.0000000000E+00   0.0000000000E+00
       0.0000000000E+00   0.0000000000E+00   0.0000000000E+00   0.0000000000E+00   0.0000000000E+00   0.0000000000E+00   0.0000000000E+00
       0.0000000000E+00   0.0000000000E+00   0.0000000000E+00   0.0000000000E+00   0.0000000000E+00   0.0000000000E+00   0.0000000000E+00
       0.0000000000E+00   0.0000000000E+00   0.0000000000E+00   0.0000000000E+00   0.0000000000E+00   0.0000000000E+00   0.0000000000E+00
       0.0000000000E+00   0.0000000000E+00   0.0000000000E+00   0.0000000000E+00   0.0000000000E+00   0.0000000000E+00   0.0000000000E+00
       0.0000000000E+00   0.0000000000E+00   0.0000000000E+00   0.0000000000E+00   0.0000000000E+00   0.0000000000E+00   0.0000000000E+00
       0.0000000000E+00   0.0000000000E+00   0.0000000000E+00   0.0000000000E+00   0.0000000000E+00   0.0000000000E+00   0.0000000000E+00
       0.0000000000E+00   0.0000000000E+00
    4  500   34   20    2    2    1   24     19    0    0  100
       0.0000000000E+00   0.0000000000E+00   0.0000000000E+00   0.0000000000E+00   0.0000000000E+00   3.6281279894E-02   0.0000000000E+00
       0.0000000000E+00   1.0941348870E-02   7.0676178644E-01   3.1654284303E-04   1.7150231308E-02   0.0000000000E+00   0.0000000000E+00
       2.4324610062E-03  -1.0941243437E-02   7.0676859702E-01  -2.6549943607E-04   2.0447436941E-02   0.0000000000E+00   0.0000000000E+00
      -2.8614513031E-03   1.5480807885E-02   1.5651797269E+05
       1.5999999642E-01   1.0660998564E+01   1.1000000000E+02   1.5651797269E+05   1.0000000000E-01   3.0000000000E+05   5.7000000000E+02
       2.4560000000E-01   3.2400000000E+06   1.0000000000E+00   6.7180784640E-02   0.0000000000E+00   0.0000000000E+00   0.0000000000E+00
       0.0000000000E+00   0.0000000000E+00   0.0000000000E+00   0.0000000000E+00   0.0000000000E+00   0.0000000000E+00   0.0000000000E+00
       0.0000000000E+00   0.0000000000E+00   0.0000000000E+00   0.0000000000E+00   0.0000000000E+00   0.0000000000E+00   0.0000000000E+00
       0.0000000000E+00   0.0000000000E+00   0.0000000000E+00   0.0000000000E+00   0.0000000000E+00   0.0000000000E+00   0.0000000000E+00
       0.0000000000E+00   0.0000000000E+00   0.0000000000E+00   0.0000000000E+00   0.0000000000E+00   0.0000000000E+00   0.0000000000E+00
       0.0000000000E+00   0.0000000000E+00   0.0000000000E+00   0.0000000000E+00   0.0000000000E+00   0.0000000000E+00   0.0000000000E+00
       0.0000000000E+00   0.0000000000E+00   0.0000000000E+00   0.0000000000E+00   0.0000000000E+00   0.0000000000E+00   0.0000000000E+00
       0.0000000000E+00   0.0000000000E+00   0.0000000000E+00   0.0000000000E+00   0.0000000000E+00   0.0000000000E+00   0.0000000000E+00
       0.0000000000E+00   0.0000000000E+00   0.0000000000E+00   0.0000000000E+00   0.0000000000E+00   0.0000000000E+00   0.0000000000E+00
       0.0000000000E+00   0.0000000000E+00   0.0000000000E+00   0.0000000000E+00   0.0000000000E+00   0.0000000000E+00   0.0000000000E+00
       0.0000000000E+00   0.0000000000E+00   0.0000000000E+00   0.0000000000E+00   0.0000000000E+00   0.0000000000E+00   0.0000000000E+00
       0.0000000000E+00   0.0000000000E+00   0.0000000000E+00   0.0000000000E+00   0.0000000000E+00   0.0000000000E+00   0.0000000000E+00
       0.0000000000E+00   0.0000000000E+00   0.0000000000E+00   0.0000000000E+00   0.0000000000E+00   0.0000000000E+00   0.0000000000E+00
       0.0000000000E+00   0.0000000000E+00
    4  600   34   21    2    2    1   24     19    0    0  100
       0.0000000000E+00   0.0000000000E+00   0.0000000000E+00   0.0000000000E+00   0.0000000000E+00   2.3608707021E-02   0.0000000000E+00
       0.0000000000E+00   1.1649422469E-02   7.0693813263E-01   1.8768508758E-04   8.9070563005E-03   0.0000000000E+00   0.0000000000E+00
       2.0800730956E-03  -1.1649604970E-02   7.0692705784E-01  -1.4677902147E-04   1.1389377209E-02   0.0000000000E+00   0.0000000000E+00
      -2.7842676284E-03   1.6478959660E-02   1.0651796783E+05
       1.5999999642E-01   7.8357265160E+00   1.1000000000E+02   1.0651796783E+05   1.0000000000E-01   3.0000000000E+05   5.7000000000E+02
       2.4560000000E-01   3.2400000000E+06   1.0000000000E+00   6.5705804456E-02   0.0000000000E+00   0.0000000000E+00   0.0000000000E+00
       0.0000000000E+00   0.0000000000E+00   0.0000000000E+00   0.0000000000E+00   0.0000000000E+00   0.0000000000E+00   0.0000000000E+00
       0.0000000000E+00   0.0000000000E+00   0.0000000000E+00   0.0000000000E+00   0.0000000000E+00   0.0000000000E+00   0.0000000000E+00
       0.0000000000E+00   0.0000000000E+00   0.0000000000E+00   0.0000000000E+00   0.0000000000E+00   0.0000000000E+00   0.0000000000E+00
       0.0000000000E+00   0.0000000000E+00   0.0000000000E+00   0.0000000000E+00   0.0000000000E+00   0.0000000000E+00   0.0000000000E+00
       0.0000000000E+00   0.0000000000E+00   0.0000000000E+00   0.0000000000E+00   0.0000000000E+00   0.0000000000E+00   0.0000000000E+00
       0.0000000000E+00   0.0000000000E+00   0.0000000000E+00   0.0000000000E+00   0.0000000000E+00   0.0000000000E+00   0.0000000000E+00
       0.0000000000E+00   0.0000000000E+00   0.0000000000E+00   0.0000000000E+00   0.0000000000E+00   0.0000000000E+00   0.0000000000E+00
       0.0000000000E+00   0.0000000000E+00   0.0000000000E+00   0.0000000000E+00   0.0000000000E+00   0.0000000000E+00   0.0000000000E+00
       0.0000000000E+00   0.0000000000E+00   0.0000000000E+00   0.0000000000E+00   0.0000000000E+00   0.0000000000E+00   0.0000000000E+00
       0.0000000000E+00   0.0000000000E+00   0.0000000000E+00   0.0000000000E+00   0.0000000000E+00   0.0000000000E+00   0.0000000000E+00
       0.0000000000E+00   0.0000000000E+00   0.0000000000E+00   0.0000000000E+00   0.0000000000E+00   0.0000000000E+00   0.0000000000E+00
       0.0000000000E+00   0.0000000000E+00   0.0000000000E+00   0.0000000000E+00   0.0000000000E+00   0.0000000000E+00   0.0000000000E+00
       0.0000000000E+00   0.0000000000E+00
    4  601   32   22    2    2    1   24     19    0    0  100
       0.0000000000E+00   0.0000000000E+00   0.0000000000E+00   0.0000000000E+00   0.0000000000E+00   2.3512832313E-02   0.0000000000E+00
       0.0000000000E+00   1.1654365271E-02   7.0693884578E-01   1.8686752396E-04   8.8580703364E-03   0.0000000000E+00   0.0000000000E+00
       2.0778006372E-03  -1.1654549393E-02   7.0692767737E-01  -1.4603359099E-04   1.1334965192E-02   0.0000000000E+00   0.0000000000E+00
      -2.7846347125E-03   1.6485937167E-02   1.0612227641E+05
       1.5999999642E-01   7.8356205525E+00   1.1000000000E+02   1.0612227641E+05   1.0000000000E-01   3.0000000000E+05   5.7000000000E+02
       2.4560000000E-01   3.2400000000E+06   1.0000000000E+00   6.5694469050E-02   0.0000000000E+00   0.0000000000E+00   0.0000000000E+00
       0.0000000000E+00   0.0000000000E+00   0.0000000000E+00   0.0000000000E+00   0.0000000000E+00   0.0000000000E+00   0.0000000000E+00
       0.0000000000E+00   0.0000000000E+00   0.0000000000E+00   0.0000000000E+00   0.0000000000E+00   0.0000000000E+00   0.0000000000E+00
       0.0000000000E+00   0.0000000000E+00   0.0000000000E+00   0.0000000000E+00   0.0000000000E+00   0.0000000000E+00   0.0000000000E+00
       0.0000000000E+00   0.0000000000E+00   0.0000000000E+00   0.0000000000E+00   0.0000000000E+00   0.0000000000E+00   0.0000000000E+00
       0.0000000000E+00   0.0000000000E+00   0.0000000000E+00   0.0000000000E+00   0.0000000000E+00   0.0000000000E+00   0.0000000000E+00
       0.0000000000E+00   0.0000000000E+00   0.0000000000E+00   0.0000000000E+00   0.0000000000E+00   0.0000000000E+00   0.0000000000E+00
       0.0000000000E+00   0.0000000000E+00   0.0000000000E+00   0.0000000000E+00   0.0000000000E+00   0.0000000000E+00   0.0000000000E+00
       0.0000000000E+00   0.0000000000E+00   0.0000000000E+00   0.0000000000E+00   0.0000000000E+00   0.0000000000E+00   0.0000000000E+00
       0.0000000000E+00   0.0000000000E+00   0.0000000000E+00   0.0000000000E+00   0.0000000000E+00   0.0000000000E+00   0.0000000000E+00
       0.0000000000E+00   0.0000000000E+00   0.0000000000E+00   0.0000000000E+00   0.0000000000E+00   0.0000000000E+00   0.0000000000E+00
       0.0000000000E+00   0.0000000000E+00   0.0000000000E+00   0.0000000000E+00   0.0000000000E+00   0.0000000000E+00   0.0000000000E+00
       0.0000000000E+00   0.0000000000E+00   0.0000000000E+00   0.0000000000E+00   0.0000000000E+00   0.0000000000E+00   0.0000000000E+00
       0.0000000000E+00   0.0000000000E+00
    4  700   34   23    2    2    1   24     19    0    0  100
       0.0000000000E+00   0.0000000000E+00   0.0000000000E+00   0.0000000000E+00   0.0000000000E+00   1.2021931487E-02   0.0000000000E+00
       0.0000000000E+00   1.2216358346E-02   7.0699157217E-01   9.3852414369E-05   3.6190030005E-03   0.0000000000E+00   0.0000000000E+00
       1.8465042036E-03  -1.2216700483E-02   7.0697177242E-01  -6.2535788889E-05   5.4313246101E-03   0.0000000000E+00   0.0000000000E+00
      -3.0535119138E-03   1.7279838917E-02   5.6622271546E+04
       1.5999999642E-01   1.0198111061E+01   1.1000000000E+02   5.6622271546E+04   1.0000000000E-01   3.0000000000E+05   5.7000000000E+02
       2.4560000000E-01   3.2400000000E+06   1.0000000000E+00   1.0868832425E-01   0.0000000000E+00   0.0000000000E+00   0.0000000000E+00
       0.0000000000E+00   0.0000000000E+00   0.0000000000E+00   0.0000000000E+00   0.0000000000E+00   0.0000000000E+00   0.0000000000E+00
       0.0000000000E+00   0.0000000000E+00   0.0000000000E+00   0.0000000000E+00   0.0000000000E+00   0.0000000000E+00   0.0000000000E+00
       0.0000000000E+00   0.0000000000E+00   0.0000000000E+00   0.0000000000E+00   0.0000000000E+00   0.0000000000E+00   0.0000000000E+00
       0.0000000000E+00   0.0000000000E+00   0.0000000000E+00   0.0000000000E+00   0.0000000000E+00   0.0000000000E+00   0.0000000000E+00
       0.0000000000E+00   0.0000000000E+00   0.0000000000E+00   0.0000000000E+00   0.0000000000E+00   0.0000000000E+00   0.0000000000E+00
       0.0000000000E+00   0.0000000000E+00   0.0000000000E+00   0.0000000000E+00   0.0000000000E+00   0.0000000000E+00   0.0000000000E+00
       0.0000000000E+00   0.0000000000E+00   0.0000000000E+00   0.0000000000E+00   0.0000000000E+00   0.0000000000E+00   0.0000000000E+00
       0.0000000000E+00   0.0000000000E+00   0.0000000000E+00   0.0000000000E+00   0.0000000000E+00   0.0000000000E+00   0.0000000000E+00
       0.0000000000E+00   0.0000000000E+00   0.0000000000E+00   0.0000000000E+00   0.0000000000E+00   0.0000000000E+00   0.0000000000E+00
       0.0000000000E+00   0.0000000000E+00   0.0000000000E+00   0.0000000000E+00   0.0000000000E+00   0.0000000000E+00   0.0000000000E+00
       0.0000000000E+00   0.0000000000E+00   0.0000000000E+00   0.0000000000E+00   0.0000000000E+00   0.0000000000E+00   0.0000000000E+00
       0.0000000000E+00   0.0000000000E+00   0.0000000000E+00   0.0000000000E+00   0.0000000000E+00   0.0000000000E+00   0.0000000000E+00
       0.0000000000E+00   0.0000000000E+00
    4  800   34   24    2    2    1   24     19    0    0  100
       0.0000000000E+00   0.0000000000E+00   0.0000000000E+00   0.0000000000E+00   0.0000000000E+00   7.8355415902E-03   0.0000000000E+00
       0.0000000000E+00   1.2328892754E-02   7.0699978665E-01   5.3393347825E-05   1.6428206630E-03   0.0000000000E+00   0.0000000000E+00
       2.2801103559E-03  -1.2329297665E-02   7.0697656781E-01  -2.8648983134E-05   3.0617385148E-03   0.0000000000E+00   0.0000000000E+00
      -3.7610354900E-03   1.7438898706E-02   3.7500912228E+04
       1.5999999642E-01   2.3695590277E+01   1.1000000000E+02   3.7500912228E+04   1.0000000000E-01   3.0000000000E+05   5.7000000000E+02
       2.4560000000E-01   3.2400000000E+06   1.0000000000E+00   1.0961472047E-01   0.0000000000E+00   0.0000000000E+00   0.0000000000E+00
       0.0000000000E+00   0.0000000000E+00   0.0000000000E+00   0.0000000000E+00   0.0000000000E+00   0.0000000000E+00   0.0000000000E+00
       0.0000000000E+00   0.0000000000E+00   0.0000000000E+00   0.0000000000E+00   0.0000000000E+00   0.0000000000E+00   0.0000000000E+00
       0.0000000000E+00   0.0000000000E+00   0.0000000000E+00   0.0000000000E+00   0.0000000000E+00   0.0000000000E+00   0.0000000000E+00
       0.0000000000E+00   0.0000000000E+00   0.0000000000E+00   0.0000000000E+00   0.0000000000E+00   0.0000000000E+00   0.0000000000E+00
       0.0000000000E+00   0.0000000000E+00   0.0000000000E+00   0.0000000000E+00   0.0000000000E+00   0.0000000000E+00   0.0000000000E+00
       0.0000000000E+00   0.0000000000E+00   0.0000000000E+00   0.0000000000E+00   0.0000000000E+00   0.0000000000E+00   0.0000000000E+00
       0.0000000000E+00   0.0000000000E+00   0.0000000000E+00   0.0000000000E+00   0.0000000000E+00   0.0000000000E+00   0.0000000000E+00
       0.0000000000E+00   0.0000000000E+00   0.0000000000E+00   0.0000000000E+00   0.0000000000E+00   0.0000000000E+00   0.0000000000E+00
       0.0000000000E+00   0.0000000000E+00   0.0000000000E+00   0.0000000000E+00   0.0000000000E+00   0.0000000000E+00   0.0000000000E+00
       0.0000000000E+00   0.0000000000E+00   0.0000000000E+00   0.0000000000E+00   0.0000000000E+00   0.0000000000E+00   0.0000000000E+00
       0.0000000000E+00   0.0000000000E+00   0.0000000000E+00   0.0000000000E+00   0.0000000000E+00   0.0000000000E+00   0.0000000000E+00
       0.0000000000E+00   0.0000000000E+00   0.0000000000E+00   0.0000000000E+00   0.0000000000E+00   0.0000000000E+00   0.0000000000E+00
       0.0000000000E+00   0.0000000000E+00
    4  900   34   25    2    2    1   24     19    0    0  100
       0.0000000000E+00   0.0000000000E+00   0.0000000000E+00   0.0000000000E+00   0.0000000000E+00   1.7455589754E-02   0.0000000000E+00
       0.0000000000E+00   1.1592458563E-02   7.0699459242E-01   1.0164536226E-04   4.5335355861E-03   0.0000000000E+00   0.0000000000E+00
       2.9709790072E-03  -1.1592830960E-02   7.0697188159E-01  -7.4337926009E-05   6.1988932392E-03   0.0000000000E+00   0.0000000000E+00
      -3.5783121038E-03   1.6397340353E-02   8.0554272146E+04
       1.5999999642E-01   7.3998733581E+01   1.1000000000E+02   8.0554272146E+04   1.0000000000E-01   3.0000000000E+05   5.7000000000E+02
       2.4560000000E-01   3.2400000000E+06   1.0000000000E+00   6.4972855203E-02   0.0000000000E+00   0.0000000000E+00   0.0000000000E+00
       0.0000000000E+00   0.0000000000E+00   0.0000000000E+00   0.0000000000E+00   0.0000000000E+00   0.0000000000E+00   0.0000000000E+00
       0.0000000000E+00   0.0000000000E+00   0.0000000000E+00   0.0000000000E+00   0.0000000000E+00   0.0000000000E+00   0.0000000000E+00
       0.0000000000E+00   0.0000000000E+00   0.0000000000E+00   0.0000000000E+00   0.0000000000E+00   0.0000000000E+00   0.0000000000E+00
       0.0000000000E+00   0.0000000000E+00   0.0000000000E+00   0.0000000000E+00   0.0000000000E+00   0.0000000000E+00   0.0000000000E+00
       0.0000000000E+00   0.0000000000E+00   0.0000000000E+00   0.0000000000E+00   0.0000000000E+00   0.0000000000E+00   0.0000000000E+00
       0.0000000000E+00   0.0000000000E+00   0.0000000000E+00   0.0000000000E+00   0.0000000000E+00   0.0000000000E+00   0.0000000000E+00
       0.0000000000E+00   0.0000000000E+00   0.0000000000E+00   0.0000000000E+00   0.0000000000E+00   0.0000000000E+00   0.0000000000E+00
       0.0000000000E+00   0.0000000000E+00   0.0000000000E+00   0.0000000000E+00   0.0000000000E+00   0.0000000000E+00   0.0000000000E+00
       0.0000000000E+00   0.0000000000E+00   0.0000000000E+00   0.0000000000E+00   0.0000000000E+00   0.0000000000E+00   0.0000000000E+00
       0.0000000000E+00   0.0000000000E+00   0.0000000000E+00   0.0000000000E+00   0.0000000000E+00   0.0000000000E+00   0.0000000000E+00
       0.0000000000E+00   0.0000000000E+00   0.0000000000E+00   0.0000000000E+00   0.0000000000E+00   0.0000000000E+00   0.0000000000E+00
       0.0000000000E+00   0.0000000000E+00   0.0000000000E+00   0.0000000000E+00   0.0000000000E+00   0.0000000000E+00   0.0000000000E+00
       0.0000000000E+00   0.0000000000E+00
    4  982   32   26    2    2    1   24     19    0    0  100
       0.0000000000E+00   0.0000000000E+00   0.0000000000E+00   0.0000000000E+00   0.0000000000E+00   2.7290632532E-02   0.0000000000E+00
       0.0000000000E+00   1.1055623916E-02   7.0693926726E-01   1.8433205905E-04   9.5830089764E-03   0.0000000000E+00   0.0000000000E+00
       2.9441143530E-03  -1.1055860240E-02   7.0692415611E-01  -1.4986917947E-04   1.1786651417E-02   0.0000000000E+00   0.0000000000E+00
      -3.3417939290E-03   1.5639052393E-02   1.2150941534E+05
       1.5999999642E-01   9.0922018772E+01   1.1000000000E+02   1.2150941534E+05   1.0000000000E-01   3.0000000000E+05   5.7000000000E+02
       2.4560000000E-01   3.2400000000E+06   1.0000000000E+00   6.6139104667E-02   0.0000000000E+00   0.0000000000E+00   0.0000000000E+00
       0.0000000000E+00   0.0000000000E+00   0.0000000000E+00   0.0000000000E+00   0.0000000000E+00   0.0000000000E+00   0.0000000000E+00
       0.0000000000E+00   0.0000000000E+00   0.0000000000E+00   0.0000000000E+00   0.0000000000E+00   0.0000000000E+00   0.0000000000E+00
       0.0000000000E+00   0.0000000000E+00   0.0000000000E+00   0.0000000000E+00   0.0000000000E+00   0.0000000000E+00   0.0000000000E+00
       0.0000000000E+00   0.0000000000E+00   0.0000000000E+00   0.0000000000E+00   0.0000000000E+00   0.0000000000E+00   0.0000000000E+00
       0.0000000000E+00   0.0000000000E+00   0.0000000000E+00   0.0000000000E+00   0.0000000000E+00   0.0000000000E+00   0.0000000000E+00
       0.0000000000E+00   0.0000000000E+00   0.0000000000E+00   0.0000000000E+00   0.0000000000E+00   0.0000000000E+00   0.0000000000E+00
       0.0000000000E+00   0.0000000000E+00   0.0000000000E+00   0.0000000000E+00   0.0000000000E+00   0.0000000000E+00   0.0000000000E+00
       0.0000000000E+00   0.0000000000E+00   0.0000000000E+00   0.0000000000E+00   0.0000000000E+00   0.0000000000E+00   0.0000000000E+00
       0.0000000000E+00   0.0000000000E+00   0.0000000000E+00   0.0000000000E+00   0.0000000000E+00   0.0000000000E+00   0.0000000000E+00
       0.0000000000E+00   0.0000000000E+00   0.0000000000E+00   0.0000000000E+00   0.0000000000E+00   0.0000000000E+00   0.0000000000E+00
       0.0000000000E+00   0.0000000000E+00   0.0000000000E+00   0.0000000000E+00   0.0000000000E+00   0.0000000000E+00   0.0000000000E+00
       0.0000000000E+00   0.0000000000E+00   0.0000000000E+00   0.0000000000E+00   0.0000000000E+00   0.0000000000E+00   0.0000000000E+00
       0.0000000000E+00   0.0000000000E+00
    4 1000   34   27    2    2    1   24     19    0    0  100
       0.0000000000E+00   0.0000000000E+00   0.0000000000E+00   0.0000000000E+00   0.0000000000E+00   2.9548392249E-02   0.0000000000E+00
       0.0000000000E+00   1.0949715196E-02   7.0691281812E-01   2.0936017503E-04   1.1148743975E-02   0.0000000000E+00   0.0000000000E+00
       2.9263496085E-03  -1.0949909614E-02   7.0690026671E-01  -1.7269136407E-04   1.3516037716E-02   0.0000000000E+00   0.0000000000E+00
      -3.2967819972E-03   1.5489759605E-02   1.3050941615E+05
       1.5999999642E-01   8.9826015461E+01   1.1000000000E+02   1.3050941615E+05   1.0000000000E-01   3.0000000000E+05   5.7000000000E+02
       2.4560000000E-01   3.2400000000E+06   1.0000000000E+00   6.6402867845E-02   0.0000000000E+00   0.0000000000E+00   0.0000000000E+00
       0.0000000000E+00   0.0000000000E+00   0.0000000000E+00   0.0000000000E+00   0.0000000000E+00   0.0000000000E+00   0.0000000000E+00
       0.0000000000E+00   0.0000000000E+00   0.0000000000E+00   0.0000000000E+00   0.0000000000E+00   0.0000000000E+00   0.0000000000E+00
       0.0000000000E+00   0.0000000000E+00   0.0000000000E+00   0.0000000000E+00   0.0000000000E+00   0.0000000000E+00   0.0000000000E+00
       0.0000000000E+00   0.0000000000E+00   0.0000000000E+00   0.0000000000E+00   0.0000000000E+00   0.0000000000E+00   0.0000000000E+00
       0.0000000000E+00   0.0000000000E+00   0.0000000000E+00   0.0000000000E+00   0.0000000000E+00   0.0000000000E+00   0.0000000000E+00
       0.0000000000E+00   0.0000000000E+00   0.0000000000E+00   0.0000000000E+00   0.0000000000E+00   0.0000000000E+00   0.0000000000E+00
       0.0000000000E+00   0.0000000000E+00   0.0000000000E+00   0.0000000000E+00   0.0000000000E+00   0.0000000000E+00   0.0000000000E+00
       0.0000000000E+00   0.0000000000E+00   0.0000000000E+00   0.0000000000E+00   0.0000000000E+00   0.0000000000E+00   0.0000000000E+00
       0.0000000000E+00   0.0000000000E+00   0.0000000000E+00   0.0000000000E+00   0.0000000000E+00   0.0000000000E+00   0.0000000000E+00
       0.0000000000E+00   0.0000000000E+00   0.0000000000E+00   0.0000000000E+00   0.0000000000E+00   0.0000000000E+00   0.0000000000E+00
       0.0000000000E+00   0.0000000000E+00   0.0000000000E+00   0.0000000000E+00   0.0000000000E+00   0.0000000000E+00   0.0000000000E+00
       0.0000000000E+00   0.0000000000E+00   0.0000000000E+00   0.0000000000E+00   0.0000000000E+00   0.0000000000E+00   0.0000000000E+00
       0.0000000000E+00   0.0000000000E+00
    4 1100   34   28    2    2    1   24     19    0    0  100
       0.0000000000E+00   0.0000000000E+00   0.0000000000E+00   0.0000000000E+00   0.0000000000E+00   4.0807674930E-02   0.0000000000E+00
       0.0000000000E+00   1.0569896088E-02   7.0660279236E-01   3.8959884177E-04   2.2398848802E-02   0.0000000000E+00   0.0000000000E+00
       2.7101637784E-03  -1.0569845970E-02   7.0660614276E-01  -3.3505724051E-04   2.6044999167E-02   0.0000000000E+00   0.0000000000E+00
      -3.0247388349E-03   1.4958681291E-02   1.7333738809E+05
       1.5999999642E-01   2.5936748983E+01   1.1000000000E+02   1.7333738809E+05   1.0000000000E-01   3.0000000000E+05   5.7000000000E+02
       2.4560000000E-01   3.2400000000E+06   1.0000000000E+00   6.7696552063E-02   0.0000000000E+00   0.0000000000E+00   0.0000000000E+00
       0.0000000000E+00   0.0000000000E+00   0.0000000000E+00   0.0000000000E+00   0.0000000000E+00   0.0000000000E+00   0.0000000000E+00
       0.0000000000E+00   0.0000000000E+00   0.0000000000E+00   0.0000000000E+00   0.0000000000E+00   0.0000000000E+00   0.0000000000E+00
       0.0000000000E+00   0.0000000000E+00   0.0000000000E+00   0.0000000000E+00   0.0000000000E+00   0.0000000000E+00   0.0000000000E+00
       0.0000000000E+00   0.0000000000E+00   0.0000000000E+00   0.0000000000E+00   0.0000000000E+00   0.0000000000E+00   0.0000000000E+00
       0.0000000000E+00   0.0000000000E+00   0.0000000000E+00   0.0000000000E+00   0.0000000000E+00   0.0000000000E+00   0.0000000000E+00
       0.0000000000E+00   0.0000000000E+00   0.0000000000E+00   0.0000000000E+00   0.0000000000E+00   0.0000000000E+00   0.0000000000E+00
       0.0000000000E+00   0.0000000000E+00   0.0000000000E+00   0.0000000000E+00   0.0000000000E+00   0.0000000000E+00   0.0000000000E+00
       0.0000000000E+00   0.0000000000E+00   0.0000000000E+00   0.0000000000E+00   0.0000000000E+00   0.0000000000E+00   0.0000000000E+00
       0.0000000000E+00   0.0000000000E+00   0.0000000000E+00   0.0000000000E+00   0.0000000000E+00   0.0000000000E+00   0.0000000000E+00
       0.0000000000E+00   0.0000000000E+00   0.0000000000E+00   0.0000000000E+00   0.0000000000E+00   0.0000000000E+00   0.0000000000E+00
       0.0000000000E+00   0.0000000000E+00   0.0000000000E+00   0.0000000000E+00   0.0000000000E+00   0.0000000000E+00   0.0000000000E+00
       0.0000000000E+00   0.0000000000E+00   0.0000000000E+00   0.0000000000E+00   0.0000000000E+00   0.0000000000E+00   0.0000000000E+00
       0.0000000000E+00   0.0000000000E+00
    4 1200   34   29    2    2    1   24     19    0    0  100
       0.0000000000E+00   0.0000000000E+00   0.0000000000E+00   0.0000000000E+00   0.0000000000E+00   3.4437996657E-02   0.0000000000E+00
       0.0000000000E+00   1.1055095407E-02   7.0681267061E-01   2.9366391015E-04   1.5616554062E-02   0.0000000000E+00   0.0000000000E+00
       2.3691665108E-03  -1.1055348891E-02   7.0679646431E-01  -2.4426055279E-04   1.8775108288E-02   0.0000000000E+00   0.0000000000E+00
      -2.8338189241E-03   1.5641130035E-02   1.4951797186E+05
       1.5999999642E-01   9.6268050447E+00   1.1000000000E+02   1.4951797186E+05   1.0000000000E-01   3.0000000000E+05   5.7000000000E+02
       2.4560000000E-01   3.2400000000E+06   1.0000000000E+00   8.5056597465E-02   0.0000000000E+00   0.0000000000E+00   0.0000000000E+00
       0.0000000000E+00   0.0000000000E+00   0.0000000000E+00   0.0000000000E+00   0.0000000000E+00   0.0000000000E+00   0.0000000000E+00
       0.0000000000E+00   0.0000000000E+00   0.0000000000E+00   0.0000000000E+00   0.0000000000E+00   0.0000000000E+00   0.0000000000E+00
       0.0000000000E+00   0.0000000000E+00   0.0000000000E+00   0.0000000000E+00   0.0000000000E+00   0.0000000000E+00   0.0000000000E+00
       0.0000000000E+00   0.0000000000E+00   0.0000000000E+00   0.0000000000E+00   0.0000000000E+00   0.0000000000E+00   0.0000000000E+00
       0.0000000000E+00   0.0000000000E+00   0.0000000000E+00   0.0000000000E+00   0.0000000000E+00   0.0000000000E+00   0.0000000000E+00
       0.0000000000E+00   0.0000000000E+00   0.0000000000E+00   0.0000000000E+00   0.0000000000E+00   0.0000000000E+00   0.0000000000E+00
       0.0000000000E+00   0.0000000000E+00   0.0000000000E+00   0.0000000000E+00   0.0000000000E+00   0.0000000000E+00   0.0000000000E+00
       0.0000000000E+00   0.0000000000E+00   0.0000000000E+00   0.0000000000E+00   0.0000000000E+00   0.0000000000E+00   0.0000000000E+00
       0.0000000000E+00   0.0000000000E+00   0.0000000000E+00   0.0000000000E+00   0.0000000000E+00   0.0000000000E+00   0.0000000000E+00
       0.0000000000E+00   0.0000000000E+00   0.0000000000E+00   0.0000000000E+00   0.0000000000E+00   0.0000000000E+00   0.0000000000E+00
       0.0000000000E+00   0.0000000000E+00   0.0000000000E+00   0.0000000000E+00   0.0000000000E+00   0.0000000000E+00   0.0000000000E+00
       0.0000000000E+00   0.0000000000E+00   0.0000000000E+00   0.0000000000E+00   0.0000000000E+00   0.0000000000E+00   0.0000000000E+00
       0.0000000000E+00   0.0000000000E+00
    4 1287   32   30    2    2    1   24     19    0    0  100
       0.0000000000E+00   0.0000000000E+00   0.0000000000E+00   0.0000000000E+00   0.0000000000E+00   2.3512832067E-02   0.0000000000E+00
       0.0000000000E+00   1.1654205566E-02   7.0694853365E-01   1.8686552056E-04   8.8582255475E-03   0.0000000000E+00   0.0000000000E+00
       2.0777624698E-03  -1.1654709119E-02   7.0691798923E-01  -1.4603614995E-04   1.1334843659E-02   0.0000000000E+00   0.0000000000E+00
      -2.7846631879E-03   1.6485937185E-02   1.0612227539E+05
       1.5999999642E-01   7.8356205525E+00   1.1000000000E+02   1.0612227539E+05   1.0000000000E-01   3.0000000000E+05   5.7000000000E+02
       2.4560000000E-01   3.2400000000E+06   1.0000000000E+00   6.5694469021E-02   0.0000000000E+00   0.0000000000E+00   0.0000000000E+00
       0.0000000000E+00   0.0000000000E+00   0.0000000000E+00   0.0000000000E+00   0.0000000000E+00   0.0000000000E+00   0.0000000000E+00
       0.0000000000E+00   0.0000000000E+00   0.0000000000E+00   0.0000000000E+00   0.0000000000E+00   0.0000000000E+00   0.0000000000E+00
       0.0000000000E+00   0.0000000000E+00   0.0000000000E+00   0.0000000000E+00   0.0000000000E+00   0.0000000000E+00   0.0000000000E+00
       0.0000000000E+00   0.0000000000E+00   0.0000000000E+00   0.0000000000E+00   0.0000000000E+00   0.0000000000E+00   0.0000000000E+00
       0.0000000000E+00   0.0000000000E+00   0.0000000000E+00   0.0000000000E+00   0.0000000000E+00   0.0000000000E+00   0.0000000000E+00
       0.0000000000E+00   0.0000000000E+00   0.0000000000E+00   0.0000000000E+00   0.0000000000E+00   0.0000000000E+00   0.0000000000E+00
       0.0000000000E+00   0.0000000000E+00   0.0000000000E+00   0.0000000000E+00   0.0000000000E+00   0.0000000000E+00   0.0000000000E+00
       0.0000000000E+00   0.0000000000E+00   0.0000000000E+00   0.0000000000E+00   0.0000000000E+00   0.0000000000E+00   0.0000000000E+00
       0.0000000000E+00   0.0000000000E+00   0.0000000000E+00   0.0000000000E+00   0.0000000000E+00   0.0000000000E+00   0.0000000000E+00
       0.0000000000E+00   0.0000000000E+00   0.0000000000E+00   0.0000000000E+00   0.0000000000E+00   0.0000000000E+00   0.0000000000E+00
       0.0000000000E+00   0.0000000000E+00   0.0000000000E+00   0.0000000000E+00   0.0000000000E+00   0.0000000000E+00   0.0000000000E+00
       0.0000000000E+00   0.0000000000E+00   0.0000000000E+00   0.0000000000E+00   0.0000000000E+00   0.0000000000E+00   0.0000000000E+00
       0.0000000000E+00   0.0000000000E+00
    4 1300   34   31    2    2    1   24     19    0    0  100
       0.0000000000E+00   0.0000000000E+00   0.0000000000E+00   0.0000000000E+00   0.0000000000E+00   2.1947355776E-02   0.0000000000E+00
       0.0000000000E+00   1.1734374652E-02   7.0695939278E-01   1.7368189780E-04   8.0747715556E-03   0.0000000000E+00   0.0000000000E+00
       2.0410268168E-03  -1.1734906104E-02   7.0692737591E-01  -1.3403412839E-04   1.0463317552E-02   0.0000000000E+00   0.0000000000E+00
      -2.7931537776E-03   1.6599123265E-02   9.9622274741E+04
       1.5999999642E-01   7.8642149781E+00   1.1000000000E+02   9.9622274741E+04   1.0000000000E-01   3.0000000000E+05   5.7000000000E+02
       2.4560000000E-01   3.2400000000E+06   1.0000000000E+00   6.5509001197E-02   0.0000000000E+00   0.0000000000E+00   0.0000000000E+00
       0.0000000000E+00   0.0000000000E+00   0.0000000000E+00   0.0000000000E+00   0.0000000000E+00   0.0000000000E+00   0.0000000000E+00
       0.0000000000E+00   0.0000000000E+00   0.0000000000E+00   0.0000000000E+00   0.0000000000E+00   0.0000000000E+00   0.0000000000E+00
       0.0000000000E+00   0.0000000000E+00   0.0000000000E+00   0.0000000000E+00   0.0000000000E+00   0.0000000000E+00   0.0000000000E+00
       0.0000000000E+00   0.0000000000E+00   0.0000000000E+00   0.0000000000E+00   0.0000000000E+00   0.0000000000E+00   0.0000000000E+00
       0.0000000000E+00   0.0000000000E+00   0.0000000000E+00   0.0000000000E+00   0.0000000000E+00   0.0000000000E+00   0.0000000000E+00
       0.0000000000E+00   0.0000000000E+00   0.0000000000E+00   0.0000000000E+00   0.0000000000E+00   0.0000000000E+00   0.0000000000E+00
       0.0000000000E+00   0.0000000000E+00   0.0000000000E+00   0.0000000000E+00   0.0000000000E+00   0.0000000000E+00   0.0000000000E+00
       0.0000000000E+00   0.0000000000E+00   0.0000000000E+00   0.0000000000E+00   0.0000000000E+00   0.0000000000E+00   0.0000000000E+00
       0.0000000000E+00   0.0000000000E+00   0.0000000000E+00   0.0000000000E+00   0.0000000000E+00   0.0000000000E+00   0.0000000000E+00
       0.0000000000E+00   0.0000000000E+00   0.0000000000E+00   0.0000000000E+00   0.0000000000E+00   0.0000000000E+00   0.0000000000E+00
       0.0000000000E+00   0.0000000000E+00   0.0000000000E+00   0.0000000000E+00   0.0000000000E+00   0.0000000000E+00   0.0000000000E+00
       0.0000000000E+00   0.0000000000E+00   0.0000000000E+00   0.0000000000E+00   0.0000000000E+00   0.0000000000E+00   0.0000000000E+00
       0.0000000000E+00   0.0000000000E+00
    4 1400   34   32    2    2    1   24     19    0    0  100
       0.0000000000E+00   0.0000000000E+00   0.0000000000E+00   0.0000000000E+00   0.0000000000E+00   1.0473786012E-02   0.0000000000E+00
       0.0000000000E+00   1.2283404778E-02   7.0700447176E-01   8.1203153682E-05   2.9664044765E-03   0.0000000000E+00   0.0000000000E+00
       1.8463676216E-03  -1.2284099787E-02   7.0696447086E-01  -5.1540845998E-05   4.6736019543E-03   0.0000000000E+00   0.0000000000E+00
      -3.1736849388E-03   1.7374854443E-02   4.9622269949E+04
       1.5999999642E-01   1.1468220241E+01   1.1000000000E+02   4.9622269949E+04   1.0000000000E-01   3.0000000000E+05   5.7000000000E+02
       2.4560000000E-01   3.2400000000E+06   1.0000000000E+00   1.0925047799E-01   0.0000000000E+00   0.0000000000E+00   0.0000000000E+00
       0.0000000000E+00   0.0000000000E+00   0.0000000000E+00   0.0000000000E+00   0.0000000000E+00   0.0000000000E+00   0.0000000000E+00
       0.0000000000E+00   0.0000000000E+00   0.0000000000E+00   0.0000000000E+00   0.0000000000E+00   0.0000000000E+00   0.0000000000E+00
       0.0000000000E+00   0.0000000000E+00   0.0000000000E+00   0.0000000000E+00   0.0000000000E+00   0.0000000000E+00   0.0000000000E+00
       0.0000000000E+00   0.0000000000E+00   0.0000000000E+00   0.0000000000E+00   0.0000000000E+00   0.0000000000E+00   0.0000000000E+00
       0.0000000000E+00   0.0000000000E+00   0.0000000000E+00   0.0000000000E+00   0.0000000000E+00   0.0000000000E+00   0.0000000000E+00
       0.0000000000E+00   0.0000000000E+00   0.0000000000E+00   0.0000000000E+00   0.0000000000E+00   0.0000000000E+00   0.0000000000E+00
       0.0000000000E+00   0.0000000000E+00   0.0000000000E+00   0.0000000000E+00   0.0000000000E+00   0.0000000000E+00   0.0000000000E+00
       0.0000000000E+00   0.0000000000E+00   0.0000000000E+00   0.0000000000E+00   0.0000000000E+00   0.0000000000E+00   0.0000000000E+00
       0.0000000000E+00   0.0000000000E+00   0.0000000000E+00   0.0000000000E+00   0.0000000000E+00   0.0000000000E+00   0.0000000000E+00
       0.0000000000E+00   0.0000000000E+00   0.0000000000E+00   0.0000000000E+00   0.0000000000E+00   0.0000000000E+00   0.0000000000E+00
       0.0000000000E+00   0.0000000000E+00   0.0000000000E+00   0.0000000000E+00   0.0000000000E+00   0.0000000000E+00   0.0000000000E+00
       0.0000000000E+00   0.0000000000E+00   0.0000000000E+00   0.0000000000E+00   0.0000000000E+00   0.0000000000E+00   0.0000000000E+00
       0.0000000000E+00   0.0000000000E+00
    4 1500   34   33    2    2    1   24     19    0    0  100
       0.0000000000E+00   0.0000000000E+00   0.0000000000E+00   0.0000000000E+00   0.0000000000E+00   8.1288845088E-03   0.0000000000E+00
       0.0000000000E+00   1.2287769819E-02   7.0701005989E-01   5.3149916352E-05   1.6569429058E-03   0.0000000000E+00   0.0000000000E+00
       2.4220305561E-03  -1.2288519153E-02   7.0696694757E-01  -2.8799271452E-05   3.0579376631E-03   0.0000000000E+00   0.0000000000E+00
      -3.8140458709E-03   1.7380967896E-02   3.8860840570E+04
       1.5999999642E-01   2.7838130958E+01   1.1000000000E+02   3.8860840570E+04   1.0000000000E-01   3.0000000000E+05   5.7000000000E+02
       2.4560000000E-01   3.2400000000E+06   1.0000000000E+00   1.0925686965E-01   0.0000000000E+00   0.0000000000E+00   0.0000000000E+00
       0.0000000000E+00   0.0000000000E+00   0.0000000000E+00   0.0000000000E+00   0.0000000000E+00   0.0000000000E+00   0.0000000000E+00
       0.0000000000E+00   0.0000000000E+00   0.0000000000E+00   0.0000000000E+00   0.0000000000E+00   0.0000000000E+00   0.0000000000E+00
       0.0000000000E+00   0.0000000000E+00   0.0000000000E+00   0.0000000000E+00   0.0000000000E+00   0.0000000000E+00   0.0000000000E+00
       0.0000000000E+00   0.0000000000E+00   0.0000000000E+00   0.0000000000E+00   0.0000000000E+00   0.0000000000E+00   0.0000000000E+00
       0.0000000000E+00   0.0000000000E+00   0.0000000000E+00   0.0000000000E+00   0.0000000000E+00   0.0000000000E+00   0.0000000000E+00
       0.0000000000E+00   0.0000000000E+00   0.0000000000E+00   0.0000000000E+00   0.0000000000E+00   0.0000000000E+00   0.0000000000E+00
       0.0000000000E+00   0.0000000000E+00   0.0000000000E+00   0.0000000000E+00   0.0000000000E+00   0.0000000000E+00   0.0000000000E+00
       0.0000000000E+00   0.0000000000E+00   0.0000000000E+00   0.0000000000E+00   0.0000000000E+00   0.0000000000E+00   0.0000000000E+00
       0.0000000000E+00   0.0000000000E+00   0.0000000000E+00   0.0000000000E+00   0.0000000000E+00   0.0000000000E+00   0.0000000000E+00
       0.0000000000E+00   0.0000000000E+00   0.0000000000E+00   0.0000000000E+00   0.0000000000E+00   0.0000000000E+00   0.0000000000E+00
       0.0000000000E+00   0.0000000000E+00   0.0000000000E+00   0.0000000000E+00   0.0000000000E+00   0.0000000000E+00   0.0000000000E+00
       0.0000000000E+00   0.0000000000E+00   0.0000000000E+00   0.0000000000E+00   0.0000000000E+00   0.0000000000E+00   0.0000000000E+00
       0.0000000000E+00   0.0000000000E+00
    4 1550   39   34    2    2    1   24     19    0    0  100
       0.0000000000E+00   0.0000000000E+00   0.0000000000E+00   0.0000000000E+00   0.0000000000E+00   1.3349001868E-02   0.0000000000E+00
       0.0000000000E+00   1.1862520434E-02   7.0701062148E-01   7.6502819194E-05   3.0521468571E-03   0.0000000000E+00   0.0000000000E+00
       2.9109005403E-03  -1.1863254002E-02   7.0696690325E-01  -5.1213365567E-05   4.5593144793E-03   0.0000000000E+00   0.0000000000E+00
      -3.7064635993E-03   1.6779456548E-02   6.2557626987E+04
       1.5999999642E-01   5.8360003081E+01   1.1000000000E+02   6.2557626987E+04   1.0000000000E-01   3.0000000000E+05   5.7000000000E+02
       2.4560000000E-01   3.2400000000E+06   1.0000000000E+00   1.0563180969E-01   0.0000000000E+00   0.0000000000E+00   0.0000000000E+00
       0.0000000000E+00   0.0000000000E+00   0.0000000000E+00   0.0000000000E+00   0.0000000000E+00   0.0000000000E+00   0.0000000000E+00
       0.0000000000E+00   0.0000000000E+00   0.0000000000E+00   0.0000000000E+00   0.0000000000E+00   0.0000000000E+00   0.0000000000E+00
       0.0000000000E+00   0.0000000000E+00   0.0000000000E+00   0.0000000000E+00   0.0000000000E+00   0.0000000000E+00   0.0000000000E+00
       0.0000000000E+00   0.0000000000E+00   0.0000000000E+00   0.0000000000E+00   0.0000000000E+00   0.0000000000E+00   0.0000000000E+00
       0.0000000000E+00   0.0000000000E+00   0.0000000000E+00   0.0000000000E+00   0.0000000000E+00   0.0000000000E+00   0.0000000000E+00
       0.0000000000E+00   0.0000000000E+00   0.0000000000E+00   0.0000000000E+00   0.0000000000E+00   0.0000000000E+00   0.0000000000E+00
       0.0000000000E+00   0.0000000000E+00   0.0000000000E+00   0.0000000000E+00   0.0000000000E+00   0.0000000000E+00   0.0000000000E+00
       0.0000000000E+00   0.0000000000E+00   0.0000000000E+00   0.0000000000E+00   0.0000000000E+00   0.0000000000E+00   0.0000000000E+00
       0.0000000000E+00   0.0000000000E+00   0.0000000000E+00   0.0000000000E+00   0.0000000000E+00   0.0000000000E+00   0.0000000000E+00
       0.0000000000E+00   0.0000000000E+00   0.0000000000E+00   0.0000000000E+00   0.0000000000E+00   0.0000000000E+00   0.0000000000E+00
       0.0000000000E+00   0.0000000000E+00   0.0000000000E+00   0.0000000000E+00   0.0000000000E+00   0.0000000000E+00   0.0000000000E+00
       0.0000000000E+00   0.0000000000E+00   0.0000000000E+00   0.0000000000E+00   0.0000000000E+00   0.0000000000E+00   0.0000000000E+00
       0.0000000000E+00   0.0000000000E+00
