   4     1   0   0   1.11132E+01   4.34170E+00   9.63553E-02   6.19716E+00   2.88787E-03   1.84519E-01   1.80000E+05   9.89816E-02
   4     2   0   0   1.11132E+01   4.34170E+00   9.63553E-02   6.19716E+00   2.88787E-03   1.84519E-01   1.80000E+05   9.89816E-02
   4     3   0   0   1.11132E+01   4.34170E+00   9.63553E-02   6.19716E+00   2.88787E-03   1.84519E-01   1.80000E+05   9.89816E-02
   4     4   0   0   1.11132E+01   4.34170E+00   9.63538E-02   6.19719E+00   2.88792E-03   1.84519E-01   1.80000E+05   9.89816E-02
   4     5   0   0   1.11132E+01   4.34170E+00   9.63538E-02   6.19719E+00   2.88792E-03   1.84519E-01   1.80000E+05   9.89816E-02
   4     6   0   0   1.11132E+01   4.34170E+00   9.63538E-02   6.19719E+00   2.88791E-03   1.84519E-01   1.80000E+05   9.89816E-02
   4     7   0   0   1.11132E+01   4.34170E+00   9.63534E-02   6.19721E+00   2.88791E-03   1.84519E-01   1.80000E+05   9.89816E-02
   4     8   0   0   1.11132E+01   4.34169E+00   9.63533E-02   6.19721E+00   2.88791E-03   1.84519E-01   1.80000E+05   9.89816E-02
   4     9   0   0   1.11132E+01   4.34168E+00   9.63530E-02   6.19719E+00   2.88790E-03   1.84518E-01   1.80000E+05   9.89816E-02
   4    10   0   0   1.11131E+01   4.34166E+00   9.63524E-02   6.19715E+00   2.88788E-03   1.84517E-01   1.79999E+05   9.89816E-02
   4    11   0   0   1.11131E+01   4.34161E+00   9.63513E-02   6.19708E+00   2.88784E-03   1.84515E-01   1.79999E+05   9.89815E-02
   4    12   0   0   1.11129E+01   4.34152E+00   9.63492E-02   6.19695E+00   2.88776E-03   1.84510E-01   1.79998E+05   9.89815E-02
   4    13   0   0   1.11127E+01   4.34133E+00   9.63450E-02   6.19668E+00   2.88761E-03   1.84500E-01   1.79996E+05   9.89813E-02
   4    14   0   0   1.11121E+01   4.34096E+00   9.63365E-02   6.19614E+00   2.88729E-03   1.84481E-01   1.79992E+05   9.89810E-02
   4    15   0   0   1.11110E+01   4.34022E+00   9.63195E-02   6.19506E+00   2.88667E-03   1.84442E-01   1.79984E+05   9.89803E-02
   4    16   0   0   1.11088E+01   4.33874E+00   9.62855E-02   6.19288E+00   2.88543E-03   1.84364E-01   1.79967E+05   9.89790E-02
   4    17   0   0   1.11044E+01   4.33576E+00   9.62175E-02   6.18854E+00   2.88294E-03   1.84208E-01   1.79934E+05   9.89763E-02
   4    18   0   0   1.10956E+01   4.32980E+00   9.60812E-02   6.17984E+00   2.87796E-03   1.83897E-01   1.79869E+05   9.89710E-02
   4    19   0   0   1.10824E+01   4.32083E+00   9.58755E-02   6.16672E+00   2.87045E-03   1.83427E-01   1.79771E+05   9.89630E-02
   4    20   0   0   1.10627E+01   4.30727E+00   9.55655E-02   6.14692E+00   2.85916E-03   1.82721E-01   1.79623E+05   9.89510E-02
   4    21   0   0   1.10333E+01   4.28674E+00   9.50961E-02   6.11695E+00   2.84210E-03   1.81653E-01   1.79402E+05   9.89329E-02
   4    22   0   0   1.09894E+01   4.25548E+00   9.43823E-02   6.07128E+00   2.81625E-03   1.80034E-01   1.79070E+05   9.89056E-02
   4    23   0   0   1.09240E+01   4.20751E+00   9.32873E-02   6.00135E+00   2.77688E-03   1.77568E-01   1.78573E+05   9.88641E-02
   4    24   0   0   1.08593E+01   4.15820E+00   9.21626E-02   5.92953E+00   2.73676E-03   1.75054E-01   1.78075E+05   9.88220E-02
   4    25   0   0   1.07953E+01   4.10746E+00   9.10093E-02   5.85579E+00   2.69579E-03   1.72487E-01   1.77577E+05   9.87794E-02
   4    26   0   0   1.07318E+01   4.05523E+00   8.98204E-02   5.77986E+00   2.65405E-03   1.69867E-01   1.77080E+05   9.87361E-02
   4    27   0   0   1.06690E+01   4.00142E+00   8.85968E-02   5.70169E+00   2.61144E-03   1.67189E-01   1.76582E+05   9.86922E-02
   4    28   0   0   1.06067E+01   3.94593E+00   8.73364E-02   5.62125E+00   2.56790E-03   1.64455E-01   1.76084E+05   9.86477E-02
   4    29   0   0   1.05447E+01   3.88840E+00   8.60310E-02   5.53785E+00   2.52316E-03   1.61640E-01   1.75584E+05   9.86022E-02
   4    30   0   0   1.04832E+01   3.82896E+00   8.46838E-02   5.45176E+00   2.47736E-03   1.58756E-01   1.75084E+05   9.85560E-02
   4    31   0   0   1.04223E+01   3.76749E+00   8.32903E-02   5.36283E+00   2.43051E-03   1.55801E-01   1.74584E+05   9.85091E-02
   4    32   0   0   1.03618E+01   3.70385E+00   8.18510E-02   5.27084E+00   2.38239E-03   1.52765E-01   1.74084E+05   9.84614E-02
   4    33   0   0   1.03019E+01   3.63788E+00   8.03609E-02   5.17557E+00   2.33297E-03   1.49646E-01   1.73584E+05   9.84128E-02
   4    34   0   0   1.02425E+01   3.56940E+00   7.88149E-02   5.07678E+00   2.28219E-03   1.46438E-01   1.73084E+05   9.83634E-02
   4    35   0   0   1.01835E+01   3.49823E+00   7.72110E-02   4.97419E+00   2.22989E-03   1.43131E-01   1.72584E+05   9.83131E-02
   4    36   0   0   1.01250E+01   3.42414E+00   7.55432E-02   4.86750E+00   2.17597E-03   1.39718E-01   1.72084E+05   9.82618E-02
   4    37   0   0   1.00669E+01   3.34686E+00   7.38086E-02   4.75633E+00   2.12025E-03   1.36189E-01   1.71584E+05   9.82096E-02
   4    38   0   0   1.00092E+01   3.26610E+00   7.19954E-02   4.64026E+00   2.06263E-03   1.32536E-01   1.71084E+05   9.81562E-02
   4    39   0   0   9.95193E+00   3.18153E+00   7.00991E-02   4.51883E+00   2.00287E-03   1.28745E-01   1.70584E+05   9.81018E-02
   4    40   0   0   9.89505E+00   3.09274E+00   6.81090E-02   4.39145E+00   1.94080E-03   1.24801E-01   1.70084E+05   9.80461E-02
   4    41   0   0   9.83855E+00   2.99927E+00   6.60185E-02   4.25748E+00   1.87608E-03   1.20685E-01   1.69584E+05   9.79892E-02
   4    42   0   0   9.78239E+00   2.90054E+00   6.38137E-02   4.11612E+00   1.80842E-03   1.16379E-01   1.69084E+05   9.79309E-02
   4    43   0   0   9.72658E+00   2.79587E+00   6.14807E-02   3.96642E+00   1.73740E-03   1.11852E-01   1.68584E+05   9.78713E-02
   4    44   0   0   9.67109E+00   2.68442E+00   5.89992E-02   3.80717E+00   1.66259E-03   1.07081E-01   1.68084E+05   9.78100E-02
   4    45   0   0   9.61591E+00   2.56515E+00   5.63473E-02   3.63690E+00   1.58335E-03   1.02021E-01   1.67584E+05   9.77472E-02
   4    46   0   0   9.56101E+00   2.43669E+00   5.34969E-02   3.45362E+00   1.49893E-03   9.66251E-02   1.67084E+05   9.76825E-02
   4    47   0   0   9.53366E+00   2.36849E+00   5.19846E-02   3.35643E+00   1.45447E-03   9.37792E-02   1.66834E+05   9.76495E-02
   4    48   0   0   9.52002E+00   2.33328E+00   5.12045E-02   3.30627E+00   1.43160E-03   9.23153E-02   1.66709E+05   9.76327E-02
   4    49   0   0   9.49957E+00   2.27897E+00   5.00017E-02   3.22899E+00   1.39645E-03   9.00636E-02   1.66522E+05   9.76074E-02
   4    50   0   0   9.48936E+00   2.25110E+00   4.93848E-02   3.18932E+00   1.37847E-03   8.89116E-02   1.66428E+05   9.75947E-02
   4    51   0   0   9.47916E+00   2.22274E+00   4.87571E-02   3.14894E+00   1.36021E-03   8.77410E-02   1.66334E+05   9.75818E-02
   4    52   0   0   9.46897E+00   2.19385E+00   4.81162E-02   3.10783E+00   1.34164E-03   8.65490E-02   1.66240E+05   9.75689E-02
   4    53   0   0   9.45879E+00   2.16442E+00   4.74653E-02   3.06595E+00   1.32276E-03   8.53389E-02   1.66147E+05   9.75559E-02
   4    54   0   0   9.45370E+00   2.14949E+00   4.71353E-02   3.04471E+00   1.31320E-03   8.47259E-02   1.66100E+05   9.75494E-02
   4    55   0   0   9.44861E+00   2.13441E+00   4.68026E-02   3.02324E+00   1.30355E-03   8.41082E-02   1.66053E+05   9.75429E-02
   4    56   0   0   9.44353E+00   2.11919E+00   4.64662E-02   3.00159E+00   1.29382E-03   8.34843E-02   1.66006E+05   9.75363E-02
   4    57   0   0   9.44099E+00   2.11152E+00   4.62967E-02   2.99068E+00   1.28892E-03   8.31702E-02   1.65983E+05   9.75330E-02
   4    58   0   0   9.43845E+00   2.10381E+00   4.61270E-02   2.97970E+00   1.28399E-03   8.28549E-02   1.65959E+05   9.75297E-02
   4    59   0   0   9.43464E+00   2.09218E+00   4.58699E-02   2.96315E+00   1.27657E-03   8.23789E-02   1.65924E+05   9.75248E-02
   4    60   0   0   9.43083E+00   2.08045E+00   4.56109E-02   2.94648E+00   1.26910E-03   8.18995E-02   1.65889E+05   9.75198E-02
   4    61   0   0   9.42702E+00   2.06864E+00   4.53506E-02   2.92964E+00   1.26160E-03   8.14174E-02   1.65854E+05   9.75148E-02
   4    62   0   0   9.42321E+00   2.05673E+00   4.50875E-02   2.91270E+00   1.25402E-03   8.09311E-02   1.65819E+05   9.75098E-02
   4    63   0   0   9.41940E+00   2.04473E+00   4.48225E-02   2.89564E+00   1.24639E-03   8.04414E-02   1.65783E+05   9.75048E-02
   4    64   0   0   9.41370E+00   2.02654E+00   4.44209E-02   2.86975E+00   1.23485E-03   7.97001E-02   1.65731E+05   9.74973E-02
   4    65   0   0   9.40514E+00   1.99884E+00   4.38094E-02   2.83038E+00   1.21728E-03   7.85722E-02   1.65652E+05   9.74860E-02
   4    66   0   0   9.39659E+00   1.97061E+00   4.31865E-02   2.79027E+00   1.19941E-03   7.74247E-02   1.65573E+05   9.74746E-02
   4    67   0   0   9.39231E+00   1.95629E+00   4.28705E-02   2.76998E+00   1.19036E-03   7.68436E-02   1.65533E+05   9.74689E-02
   4    68   0   0   9.38804E+00   1.94184E+00   4.25515E-02   2.74943E+00   1.18123E-03   7.62569E-02   1.65493E+05   9.74631E-02
   4    69   0   0   9.38377E+00   1.92723E+00   4.22294E-02   2.72868E+00   1.17201E-03   7.56648E-02   1.65454E+05   9.74574E-02
   4    70   0   0   9.37950E+00   1.91248E+00   4.19031E-02   2.70775E+00   1.16271E-03   7.50672E-02   1.65414E+05   9.74516E-02
   4    71   0   0   9.37523E+00   1.89758E+00   4.15745E-02   2.68658E+00   1.15332E-03   7.44638E-02   1.65375E+05   9.74458E-02
   4    72   0   0   9.37096E+00   1.88252E+00   4.12425E-02   2.66519E+00   1.14384E-03   7.38547E-02   1.65335E+05   9.74400E-02
   4    73   0   0   9.36670E+00   1.86730E+00   4.09071E-02   2.64360E+00   1.13427E-03   7.32395E-02   1.65296E+05   9.74342E-02
   4    74   0   0   9.36456E+00   1.85963E+00   4.07381E-02   2.63271E+00   1.12945E-03   7.29297E-02   1.65276E+05   9.74313E-02
   4    75   0   0   9.36243E+00   1.85192E+00   4.05681E-02   2.62176E+00   1.12461E-03   7.26183E-02   1.65256E+05   9.74284E-02
   4    76   0   0   9.36030E+00   1.84417E+00   4.03971E-02   2.61075E+00   1.11974E-03   7.23051E-02   1.65236E+05   9.74254E-02
   4    77   0   0   9.35817E+00   1.83637E+00   4.02253E-02   2.59968E+00   1.11485E-03   7.19905E-02   1.65217E+05   9.74225E-02
   4    78   0   0   9.35497E+00   1.82460E+00   3.99659E-02   2.58296E+00   1.10746E-03   7.15156E-02   1.65187E+05   9.74181E-02
   4    79   0   0   9.35337E+00   1.81867E+00   3.98346E-02   2.57455E+00   1.10375E-03   7.12765E-02   1.65172E+05   9.74159E-02
   4    80   0   0   9.35177E+00   1.81272E+00   3.97035E-02   2.56610E+00   1.10002E-03   7.10367E-02   1.65157E+05   9.74137E-02
   4    81   0   0   9.35018E+00   1.80675E+00   3.95719E-02   2.55761E+00   1.09627E-03   7.07960E-02   1.65142E+05   9.74115E-02
   4    82   0   0   9.34778E+00   1.79774E+00   3.93737E-02   2.54482E+00   1.09062E-03   7.04328E-02   1.65120E+05   9.74082E-02
   4    83   0   0   9.34538E+00   1.78867E+00   3.91739E-02   2.53194E+00   1.08495E-03   7.00677E-02   1.65098E+05   9.74049E-02
   4    84   0   0   9.34299E+00   1.77954E+00   3.89729E-02   2.51898E+00   1.07924E-03   6.97004E-02   1.65076E+05   9.74015E-02
   4    85   0   0   9.34059E+00   1.77036E+00   3.87708E-02   2.50593E+00   1.07349E-03   6.93307E-02   1.65053E+05   9.73982E-02
   4    86   0   0   9.33880E+00   1.76342E+00   3.86181E-02   2.49609E+00   1.06915E-03   6.90520E-02   1.65037E+05   9.73957E-02
   4    87   0   0   9.33700E+00   1.75646E+00   3.84648E-02   2.48621E+00   1.06480E-03   6.87720E-02   1.65020E+05   9.73932E-02
   4    88   0   0   9.33520E+00   1.74946E+00   3.83114E-02   2.47623E+00   1.06040E-03   6.84898E-02   1.65003E+05   9.73907E-02
   4    89   0   0   9.33341E+00   1.74242E+00   3.81564E-02   2.46624E+00   1.05601E-03   6.82072E-02   1.64987E+05   9.73882E-02
   4    90   0   0   9.33071E+00   1.73180E+00   3.79225E-02   2.45116E+00   1.04937E-03   6.77807E-02   1.64962E+05   9.73844E-02
   4    91   0   0   9.32802E+00   1.72109E+00   3.76873E-02   2.43594E+00   1.04271E-03   6.73517E-02   1.64937E+05   9.73806E-02
   4    92   0   0   9.32701E+00   1.71705E+00   3.75984E-02   2.43021E+00   1.04019E-03   6.71897E-02   1.64927E+05   9.73792E-02
   4    93   0   0   9.32600E+00   1.71301E+00   3.75093E-02   2.42447E+00   1.03767E-03   6.70273E-02   1.64918E+05   9.73778E-02
   4    94   0   0   9.32449E+00   1.70691E+00   3.73751E-02   2.41579E+00   1.03388E-03   6.67833E-02   1.64904E+05   9.73756E-02
   4    95   0   0   9.32373E+00   1.70385E+00   3.73078E-02   2.41145E+00   1.03197E-03   6.66606E-02   1.64897E+05   9.73746E-02
   4    96   0   0   9.32297E+00   1.70078E+00   3.72403E-02   2.40710E+00   1.03006E-03   6.65377E-02   1.64890E+05   9.73735E-02
   4    97   0   0   9.32184E+00   1.69617E+00   3.71388E-02   2.40059E+00   1.02719E-03   6.63534E-02   1.64879E+05   9.73719E-02
   4    98   0   0   9.32070E+00   1.69155E+00   3.70370E-02   2.39402E+00   1.02431E-03   6.61680E-02   1.64869E+05   9.73703E-02
   4    99   0   0   9.31957E+00   1.68690E+00   3.69348E-02   2.38744E+00   1.02142E-03   6.59820E-02   1.64858E+05   9.73687E-02
   4   100  54  24   9.31843E+00   1.68225E+00   3.68322E-02   2.38082E+00   1.01853E-03   6.57953E-02   1.64847E+05   9.73671E-02
   4   101   0   0   9.31673E+00   1.67523E+00   3.66778E-02   2.37086E+00   1.01416E-03   6.55143E-02   1.64832E+05   9.73647E-02
   4   102   0   0   9.31503E+00   1.66817E+00   3.65225E-02   2.36085E+00   1.00977E-03   6.52318E-02   1.64816E+05   9.73623E-02
   4   103   0   0   9.31460E+00   1.66640E+00   3.64835E-02   2.35837E+00   1.00867E-03   6.51613E-02   1.64812E+05   9.73617E-02
   4   104   0   0   9.31396E+00   1.66374E+00   3.64250E-02   2.35460E+00   1.00702E-03   6.50549E-02   1.64806E+05   9.73608E-02
   4   105   0   0   9.31300E+00   1.65975E+00   3.63370E-02   2.34893E+00   1.00453E-03   6.48949E-02   1.64797E+05   9.73594E-02
   4   106   0   0   9.31157E+00   1.65373E+00   3.62045E-02   2.34039E+00   1.00079E-03   6.46540E-02   1.64784E+05   9.73574E-02
   4   107   0   0   9.31013E+00   1.64768E+00   3.60715E-02   2.33181E+00   9.97034E-04   6.44121E-02   1.64770E+05   9.73553E-02
   4   108   0   0   9.30941E+00   1.64464E+00   3.60047E-02   2.32750E+00   9.95149E-04   6.42908E-02   1.64764E+05   9.73543E-02
   4   109   0   0   9.30870E+00   1.64160E+00   3.59376E-02   2.32320E+00   9.93259E-04   6.41692E-02   1.64757E+05   9.73533E-02
   4   110   0   0   9.30762E+00   1.63703E+00   3.58370E-02   2.31671E+00   9.90418E-04   6.39864E-02   1.64747E+05   9.73517E-02
   4   111   0   0   9.30600E+00   1.63013E+00   3.56854E-02   2.30693E+00   9.86139E-04   6.37109E-02   1.64732E+05   9.73494E-02
   4   112   0   0   9.30439E+00   1.62321E+00   3.55330E-02   2.29711E+00   9.81838E-04   6.34341E-02   1.64717E+05   9.73471E-02
   4   113   0   0   9.30318E+00   1.61799E+00   3.54182E-02   2.28971E+00   9.78599E-04   6.32255E-02   1.64705E+05   9.73454E-02
   4   114   0   0   9.30197E+00   1.61275E+00   3.53029E-02   2.28227E+00   9.75348E-04   6.30162E-02   1.64694E+05   9.73436E-02
   4   115   0   0   9.30075E+00   1.60748E+00   3.51871E-02   2.27482E+00   9.72084E-04   6.28061E-02   1.64683E+05   9.73419E-02
   4   116   0   0   9.30015E+00   1.60484E+00   3.51290E-02   2.27107E+00   9.70447E-04   6.27007E-02   1.64677E+05   9.73410E-02
   4   117   0   0   9.29969E+00   1.60286E+00   3.50855E-02   2.26826E+00   9.69218E-04   6.26216E-02   1.64673E+05   9.73404E-02
   4   118   0   0   9.29879E+00   1.59889E+00   3.49981E-02   2.26262E+00   9.66754E-04   6.24628E-02   1.64665E+05   9.73391E-02
   4   119   0   0   9.29742E+00   1.59290E+00   3.48665E-02   2.25414E+00   9.63045E-04   6.22240E-02   1.64652E+05   9.73371E-02
   4   120   0   0   9.29606E+00   1.58689E+00   3.47343E-02   2.24561E+00   9.59320E-04   6.19841E-02   1.64639E+05   9.73351E-02
   4   121   0   0   9.29538E+00   1.58387E+00   3.46674E-02   2.24133E+00   9.57443E-04   6.18636E-02   1.64633E+05   9.73342E-02
   4   122   0   0   9.29436E+00   1.57933E+00   3.45676E-02   2.23490E+00   9.54633E-04   6.16826E-02   1.64623E+05   9.73327E-02
   4   123   0   0   9.29385E+00   1.57706E+00   3.45176E-02   2.23167E+00   9.53223E-04   6.15919E-02   1.64619E+05   9.73320E-02
   4   124   0   0   9.29334E+00   1.57478E+00   3.44672E-02   2.22844E+00   9.51800E-04   6.15008E-02   1.64614E+05   9.73312E-02
   4   125   0   0   9.29283E+00   1.57249E+00   3.44170E-02   2.22520E+00   9.50387E-04   6.14098E-02   1.64609E+05   9.73305E-02
   4   126   0   0   9.29206E+00   1.56906E+00   3.43416E-02   2.22033E+00   9.48262E-04   6.12729E-02   1.64602E+05   9.73294E-02
   4   127   0   0   9.29129E+00   1.56562E+00   3.42658E-02   2.21545E+00   9.46134E-04   6.11357E-02   1.64595E+05   9.73283E-02
   4   128   0   0   9.29053E+00   1.56217E+00   3.41899E-02   2.21055E+00   9.43998E-04   6.09981E-02   1.64588E+05   9.73272E-02
   4   129   0   0   9.28938E+00   1.55697E+00   3.40758E-02   2.20318E+00   9.40784E-04   6.07912E-02   1.64577E+05   9.73255E-02
   4   130   0   0   9.28823E+00   1.55176E+00   3.39616E-02   2.19579E+00   9.37547E-04   6.05832E-02   1.64566E+05   9.73238E-02
   4   131   0   0   9.28766E+00   1.54914E+00   3.39041E-02   2.19208E+00   9.35930E-04   6.04790E-02   1.64561E+05   9.73230E-02
   4   132   0   0   9.28679E+00   1.54521E+00   3.38176E-02   2.18650E+00   9.33498E-04   6.03224E-02   1.64553E+05   9.73217E-02
   4   133   0   0   9.28593E+00   1.54126E+00   3.37309E-02   2.18090E+00   9.31059E-04   6.01652E-02   1.64545E+05   9.73205E-02
   4   134   0   0   9.28464E+00   1.53532E+00   3.36002E-02   2.17247E+00   9.27386E-04   5.99285E-02   1.64533E+05   9.73186E-02
   4   135   0   0   9.28335E+00   1.52935E+00   3.34690E-02   2.16401E+00   9.23698E-04   5.96910E-02   1.64521E+05   9.73167E-02
   4   136   0   0   9.28270E+00   1.52635E+00   3.34036E-02   2.15975E+00   9.21849E-04   5.95712E-02   1.64515E+05   9.73158E-02
   4   137   0   0   9.28206E+00   1.52335E+00   3.33377E-02   2.15549E+00   9.19995E-04   5.94517E-02   1.64509E+05   9.73149E-02
   4   138   0   0   9.28109E+00   1.51883E+00   3.32384E-02   2.14909E+00   9.17205E-04   5.92720E-02   1.64500E+05   9.73134E-02
   4   139   0   0   9.28060E+00   1.51657E+00   3.31887E-02   2.14587E+00   9.15810E-04   5.91817E-02   1.64495E+05   9.73127E-02
   4   140   0   0   9.27988E+00   1.51316E+00   3.31139E-02   2.14104E+00   9.13708E-04   5.90463E-02   1.64488E+05   9.73117E-02
   4   141   0   0   9.27915E+00   1.50975E+00   3.30389E-02   2.13620E+00   9.11601E-04   5.89106E-02   1.64482E+05   9.73106E-02
   4   142   0   0   9.27806E+00   1.50461E+00   3.29260E-02   2.12891E+00   9.08432E-04   5.87060E-02   1.64472E+05   9.73090E-02
   4   143   0   0   9.27697E+00   1.49945E+00   3.28127E-02   2.12159E+00   9.05249E-04   5.85009E-02   1.64461E+05   9.73074E-02
   4   144   0   0   9.27643E+00   1.49686E+00   3.27558E-02   2.11792E+00   9.03652E-04   5.83980E-02   1.64456E+05   9.73066E-02
   4   145   0   0   9.27588E+00   1.49427E+00   3.26988E-02   2.11423E+00   9.02053E-04   5.82948E-02   1.64451E+05   9.73058E-02
   4   146   0   0   9.27506E+00   1.49037E+00   3.26131E-02   2.10871E+00   8.99648E-04   5.81398E-02   1.64444E+05   9.73046E-02
   4   147   0   0   9.27425E+00   1.48645E+00   3.25271E-02   2.10316E+00   8.97235E-04   5.79843E-02   1.64436E+05   9.73034E-02
   4   148   0   0   9.27343E+00   1.48253E+00   3.24408E-02   2.09759E+00   8.94812E-04   5.78283E-02   1.64428E+05   9.73022E-02
   4   149   0   0   9.27282E+00   1.47958E+00   3.23760E-02   2.09341E+00   8.92992E-04   5.77111E-02   1.64423E+05   9.73013E-02
   4   150   0   0   9.27190E+00   1.47514E+00   3.22784E-02   2.08711E+00   8.90255E-04   5.75346E-02   1.64414E+05   9.73000E-02
   4   151   0   0   9.27052E+00   1.46844E+00   3.21316E-02   2.07761E+00   8.86143E-04   5.72695E-02   1.64401E+05   9.72980E-02
   4   152   0   0   9.26914E+00   1.46171E+00   3.19838E-02   2.06807E+00   8.81997E-04   5.70023E-02   1.64388E+05   9.72959E-02
   4   153   0   0   9.26845E+00   1.45834E+00   3.19096E-02   2.06328E+00   8.79916E-04   5.68683E-02   1.64382E+05   9.72949E-02
   4   154   0   0   9.26741E+00   1.45325E+00   3.17979E-02   2.05606E+00   8.76786E-04   5.66666E-02   1.64372E+05   9.72934E-02
   4   155   0   0   9.26638E+00   1.44814E+00   3.16858E-02   2.04882E+00   8.73643E-04   5.64641E-02   1.64363E+05   9.72919E-02
   4   156   0   0   9.26483E+00   1.44044E+00   3.15166E-02   2.03790E+00   8.68903E-04   5.61586E-02   1.64348E+05   9.72896E-02
   4   157   0   0   9.26405E+00   1.43657E+00   3.14318E-02   2.03241E+00   8.66529E-04   5.60055E-02   1.64341E+05   9.72884E-02
   4   158   0   0   9.26328E+00   1.43269E+00   3.13465E-02   2.02691E+00   8.64141E-04   5.58517E-02   1.64334E+05   9.72873E-02
   4   159   0   0   9.26250E+00   1.42880E+00   3.12610E-02   2.02139E+00   8.61746E-04   5.56973E-02   1.64326E+05   9.72862E-02
   4   160   0   0   9.26134E+00   1.42294E+00   3.11323E-02   2.01310E+00   8.58140E-04   5.54651E-02   1.64316E+05   9.72844E-02
   4   161   0   0   9.26076E+00   1.41999E+00   3.10676E-02   2.00893E+00   8.56330E-04   5.53485E-02   1.64310E+05   9.72836E-02
   4   162   0   0   9.25989E+00   1.41557E+00   3.09704E-02   2.00265E+00   8.53609E-04   5.51730E-02   1.64302E+05   9.72823E-02
   4   163   0   0   9.25902E+00   1.41112E+00   3.08728E-02   1.99637E+00   8.50878E-04   5.49971E-02   1.64294E+05   9.72810E-02
   4   164   0   0   9.25814E+00   1.40666E+00   3.07748E-02   1.99005E+00   8.48137E-04   5.48204E-02   1.64286E+05   9.72797E-02
   4   165   0   0   9.25727E+00   1.40218E+00   3.06765E-02   1.98370E+00   8.45386E-04   5.46430E-02   1.64278E+05   9.72784E-02
   4   166   0   0   9.25640E+00   1.39769E+00   3.05778E-02   1.97734E+00   8.42625E-04   5.44652E-02   1.64270E+05   9.72771E-02
   4   167   0   0   9.25596E+00   1.39543E+00   3.05284E-02   1.97415E+00   8.41240E-04   5.43759E-02   1.64265E+05   9.72765E-02
   4   168   0   0   9.25575E+00   1.39431E+00   3.05036E-02   1.97255E+00   8.40547E-04   5.43312E-02   1.64263E+05   9.72761E-02
   4   169   0   0   9.25553E+00   1.39318E+00   3.04787E-02   1.97095E+00   8.39853E-04   5.42865E-02   1.64261E+05   9.72758E-02
   4   170   0   0   9.25531E+00   1.39205E+00   3.04539E-02   1.96934E+00   8.39159E-04   5.42417E-02   1.64259E+05   9.72755E-02
   4   171   0   0   9.25520E+00   1.39148E+00   3.04415E-02   1.96854E+00   8.38812E-04   5.42193E-02   1.64258E+05   9.72753E-02
   4   172   0   0   9.25498E+00   1.39035E+00   3.04166E-02   1.96694E+00   8.38117E-04   5.41745E-02   1.64256E+05   9.72750E-02
   4   173   0   0   9.25455E+00   1.38808E+00   3.03668E-02   1.96373E+00   8.36723E-04   5.40847E-02   1.64252E+05   9.72743E-02
   4   174   0   0   9.25389E+00   1.38467E+00   3.02919E-02   1.95890E+00   8.34631E-04   5.39498E-02   1.64246E+05   9.72734E-02
   4   175   0   0   9.25324E+00   1.38125E+00   3.02169E-02   1.95406E+00   8.32532E-04   5.38146E-02   1.64240E+05   9.72724E-02
   4   176   0   0   9.25259E+00   1.37782E+00   3.01416E-02   1.94920E+00   8.30426E-04   5.36788E-02   1.64234E+05   9.72714E-02
   4   177   0   0   9.25209E+00   1.37524E+00   3.00850E-02   1.94554E+00   8.28843E-04   5.35767E-02   1.64229E+05   9.72707E-02
   4   178   0   0   9.25185E+00   1.37395E+00   3.00566E-02   1.94372E+00   8.28050E-04   5.35257E-02   1.64227E+05   9.72703E-02
   4   179   0   0   9.25160E+00   1.37266E+00   3.00282E-02   1.94188E+00   8.27257E-04   5.34745E-02   1.64225E+05   9.72700E-02
   4   180   0   0   9.25136E+00   1.37136E+00   2.99998E-02   1.94005E+00   8.26463E-04   5.34233E-02   1.64222E+05   9.72696E-02
   4   181   0   0   9.25087E+00   1.36877E+00   2.99428E-02   1.93638E+00   8.24870E-04   5.33207E-02   1.64218E+05   9.72689E-02
   4   182   0   0   9.25013E+00   1.36487E+00   2.98572E-02   1.93085E+00   8.22477E-04   5.31664E-02   1.64211E+05   9.72678E-02
   4   183   0   0   9.24903E+00   1.35899E+00   2.97283E-02   1.92252E+00   8.18874E-04   5.29341E-02   1.64201E+05   9.72661E-02
   4   184   0   0   9.24848E+00   1.35604E+00   2.96633E-02   1.91835E+00   8.17060E-04   5.28174E-02   1.64196E+05   9.72653E-02
   4   185   0   0   9.24834E+00   1.35531E+00   2.96471E-02   1.91730E+00   8.16608E-04   5.27882E-02   1.64194E+05   9.72651E-02
   4   186   0   0   9.24807E+00   1.35383E+00   2.96147E-02   1.91521E+00   8.15703E-04   5.27298E-02   1.64192E+05   9.72647E-02
   4   187   0   0   9.24779E+00   1.35235E+00   2.95822E-02   1.91311E+00   8.14793E-04   5.26713E-02   1.64189E+05   9.72643E-02
   4   188   0   0   9.24738E+00   1.35012E+00   2.95334E-02   1.90996E+00   8.13431E-04   5.25834E-02   1.64185E+05   9.72636E-02
   4   189   0   0   9.24696E+00   1.34790E+00   2.94845E-02   1.90680E+00   8.12065E-04   5.24953E-02   1.64181E+05   9.72630E-02
   4   190   0   0   9.24634E+00   1.34454E+00   2.94109E-02   1.90205E+00   8.10008E-04   5.23628E-02   1.64176E+05   9.72621E-02
   4   191   0   0   9.24572E+00   1.34118E+00   2.93371E-02   1.89729E+00   8.07949E-04   5.22300E-02   1.64170E+05   9.72612E-02
   4   192   0   0   9.24510E+00   1.33781E+00   2.92632E-02   1.89252E+00   8.05884E-04   5.20968E-02   1.64164E+05   9.72602E-02
   4   193   0   0   9.24479E+00   1.33613E+00   2.92258E-02   1.89013E+00   8.04842E-04   5.20301E-02   1.64161E+05   9.72598E-02
   4   194   0   0   9.24456E+00   1.33486E+00   2.91980E-02   1.88833E+00   8.04065E-04   5.19800E-02   1.64159E+05   9.72594E-02
   4   195   0   0   9.24409E+00   1.33232E+00   2.91422E-02   1.88473E+00   8.02508E-04   5.18796E-02   1.64155E+05   9.72587E-02
   4   196   0   0   9.24363E+00   1.32977E+00   2.90863E-02   1.88112E+00   8.00946E-04   5.17789E-02   1.64150E+05   9.72580E-02
   4   197   0   0   9.24316E+00   1.32722E+00   2.90303E-02   1.87750E+00   7.99383E-04   5.16781E-02   1.64146E+05   9.72573E-02
   4   198   0   0   9.24270E+00   1.32466E+00   2.89742E-02   1.87388E+00   7.97817E-04   5.15771E-02   1.64142E+05   9.72566E-02
   4   199   0   0   9.24235E+00   1.32274E+00   2.89322E-02   1.87115E+00   7.96642E-04   5.15011E-02   1.64138E+05   9.72561E-02
   4   200  54  25   9.24182E+00   1.31985E+00   2.88688E-02   1.86706E+00   7.94873E-04   5.13870E-02   1.64133E+05   9.72553E-02
   4   201   0   0   9.24130E+00   1.31696E+00   2.88052E-02   1.86296E+00   7.93099E-04   5.12726E-02   1.64129E+05   9.72545E-02
   4   202   0   0   9.24078E+00   1.31405E+00   2.87411E-02   1.85884E+00   7.91309E-04   5.11579E-02   1.64124E+05   9.72537E-02
   4   203   0   0   9.23999E+00   1.30968E+00   2.86452E-02   1.85265E+00   7.88634E-04   5.09854E-02   1.64116E+05   9.72525E-02
   4   204   0   0   9.23921E+00   1.30530E+00   2.85490E-02   1.84644E+00   7.85949E-04   5.08122E-02   1.64109E+05   9.72514E-02
   4   205   0   0   9.23842E+00   1.30089E+00   2.84526E-02   1.84019E+00   7.83256E-04   5.06383E-02   1.64102E+05   9.72502E-02
   4   206   0   0   9.23803E+00   1.29869E+00   2.84042E-02   1.83706E+00   7.81905E-04   5.05511E-02   1.64098E+05   9.72496E-02
   4   207   0   0   9.23764E+00   1.29647E+00   2.83556E-02   1.83393E+00   7.80551E-04   5.04638E-02   1.64094E+05   9.72490E-02
   4   208   0   0   9.23744E+00   1.29537E+00   2.83314E-02   1.83235E+00   7.79876E-04   5.04200E-02   1.64093E+05   9.72487E-02
   4   209   0   0   9.23725E+00   1.29426E+00   2.83071E-02   1.83078E+00   7.79198E-04   5.03762E-02   1.64091E+05   9.72484E-02
   4   210   0   0   9.23715E+00   1.29370E+00   2.82949E-02   1.83000E+00   7.78859E-04   5.03543E-02   1.64090E+05   9.72482E-02
   4   211   0   0   9.23695E+00   1.29259E+00   2.82706E-02   1.82841E+00   7.78180E-04   5.03103E-02   1.64088E+05   9.72479E-02
   4   212   0   0   9.23656E+00   1.29037E+00   2.82217E-02   1.82526E+00   7.76818E-04   5.02225E-02   1.64084E+05   9.72474E-02
   4   213   0   0   9.23626E+00   1.28870E+00   2.81851E-02   1.82289E+00   7.75797E-04   5.01566E-02   1.64082E+05   9.72469E-02
   4   214   0   0   9.23597E+00   1.28702E+00   2.81483E-02   1.82053E+00   7.74773E-04   5.00909E-02   1.64079E+05   9.72465E-02
   4   215   0   0   9.23591E+00   1.28671E+00   2.81414E-02   1.82009E+00   7.74581E-04   5.00785E-02   1.64078E+05   9.72464E-02
   4   216   0   0   9.23586E+00   1.28639E+00   2.81345E-02   1.81964E+00   7.74388E-04   5.00661E-02   1.64078E+05   9.72463E-02
   4   217   0   0   9.23575E+00   1.28576E+00   2.81210E-02   1.81874E+00   7.74011E-04   5.00410E-02   1.64077E+05   9.72461E-02
   4   218   0   0   9.23553E+00   1.28451E+00   2.80934E-02   1.81696E+00   7.73241E-04   4.99914E-02   1.64075E+05   9.72458E-02
   4   219   0   0   9.23509E+00   1.28198E+00   2.80380E-02   1.81338E+00   7.71699E-04   4.98918E-02   1.64071E+05   9.72451E-02
   4   220   0   0   9.23465E+00   1.27946E+00   2.79826E-02   1.80981E+00   7.70153E-04   4.97924E-02   1.64066E+05   9.72445E-02
   4   221   0   0   9.23376E+00   1.27439E+00   2.78713E-02   1.80263E+00   7.67052E-04   4.95924E-02   1.64058E+05   9.72431E-02
   4   222   0   0   9.23288E+00   1.26929E+00   2.77596E-02   1.79541E+00   7.63938E-04   4.93915E-02   1.64050E+05   9.72418E-02
   4   223   0   0   9.23200E+00   1.26417E+00   2.76472E-02   1.78816E+00   7.60807E-04   4.91897E-02   1.64042E+05   9.72404E-02
   4   224   0   0   9.23111E+00   1.25903E+00   2.75343E-02   1.78087E+00   7.57664E-04   4.89869E-02   1.64033E+05   9.72391E-02
   4   225   0   0   9.22979E+00   1.25127E+00   2.73642E-02   1.76988E+00   7.52926E-04   4.86812E-02   1.64021E+05   9.72371E-02
   4   226   0   0   9.22913E+00   1.24737E+00   2.72791E-02   1.76434E+00   7.50555E-04   4.85271E-02   1.64015E+05   9.72361E-02
   4   227   0   0   9.22863E+00   1.24444E+00   2.72147E-02   1.76018E+00   7.48764E-04   4.84116E-02   1.64010E+05   9.72353E-02
   4   228   0   0   9.22826E+00   1.24223E+00   2.71664E-02   1.75706E+00   7.47417E-04   4.83247E-02   1.64007E+05   9.72348E-02
   4   229   0   0   9.22770E+00   1.23892E+00   2.70938E-02   1.75235E+00   7.45396E-04   4.81939E-02   1.64002E+05   9.72339E-02
   4   230   0   0   9.22749E+00   1.23767E+00   2.70664E-02   1.75058E+00   7.44634E-04   4.81447E-02   1.64000E+05   9.72336E-02
   4   231   0   0   9.22739E+00   1.23704E+00   2.70527E-02   1.74969E+00   7.44253E-04   4.81201E-02   1.63999E+05   9.72334E-02
   4   232   0   0   9.22718E+00   1.23580E+00   2.70254E-02   1.74792E+00   7.43493E-04   4.80710E-02   1.63997E+05   9.72331E-02
   4   233   0   0   9.22676E+00   1.23329E+00   2.69705E-02   1.74437E+00   7.41966E-04   4.79724E-02   1.63993E+05   9.72325E-02
   4   234   0   0   9.22655E+00   1.23204E+00   2.69430E-02   1.74260E+00   7.41201E-04   4.79231E-02   1.63991E+05   9.72322E-02
   4   235   0   0   9.22613E+00   1.22953E+00   2.68880E-02   1.73904E+00   7.39668E-04   4.78241E-02   1.63987E+05   9.72315E-02
   4   236   0   0   9.22571E+00   1.22701E+00   2.68328E-02   1.73548E+00   7.38132E-04   4.77250E-02   1.63983E+05   9.72309E-02
   4   237   0   0   9.22529E+00   1.22449E+00   2.67775E-02   1.73190E+00   7.36592E-04   4.76256E-02   1.63979E+05   9.72302E-02
   4   238   0   0   9.22498E+00   1.22260E+00   2.67361E-02   1.72924E+00   7.35441E-04   4.75510E-02   1.63976E+05   9.72298E-02
   4   239   0   0   9.22482E+00   1.22165E+00   2.67153E-02   1.72789E+00   7.34862E-04   4.75136E-02   1.63975E+05   9.72295E-02
   4   240   0   0   9.22466E+00   1.22070E+00   2.66945E-02   1.72655E+00   7.34283E-04   4.74762E-02   1.63973E+05   9.72293E-02
   4   241   0   0   9.22451E+00   1.21975E+00   2.66737E-02   1.72522E+00   7.33704E-04   4.74384E-02   1.63972E+05   9.72290E-02
   4   242   0   0   9.22419E+00   1.21784E+00   2.66319E-02   1.72252E+00   7.32543E-04   4.73635E-02   1.63969E+05   9.72286E-02
   4   243   0   0   9.22356E+00   1.21403E+00   2.65483E-02   1.71712E+00   7.30215E-04   4.72132E-02   1.63963E+05   9.72276E-02
   4   244   0   0   9.22325E+00   1.21212E+00   2.65063E-02   1.71441E+00   7.29047E-04   4.71380E-02   1.63960E+05   9.72271E-02
   4   245   0   0   9.22278E+00   1.20923E+00   2.64431E-02   1.71033E+00   7.27290E-04   4.70245E-02   1.63956E+05   9.72264E-02
   4   246   0   0   9.22243E+00   1.20707E+00   2.63956E-02   1.70726E+00   7.25971E-04   4.69394E-02   1.63952E+05   9.72259E-02
   4   247   0   0   9.22207E+00   1.20490E+00   2.63480E-02   1.70418E+00   7.24647E-04   4.68543E-02   1.63949E+05   9.72253E-02
   4   248   0   0   9.22190E+00   1.20382E+00   2.63242E-02   1.70264E+00   7.23985E-04   4.68116E-02   1.63947E+05   9.72251E-02
   4   249   0   0   9.22154E+00   1.20164E+00   2.62766E-02   1.69956E+00   7.22659E-04   4.67260E-02   1.63944E+05   9.72245E-02
   4   250   0   0   9.22101E+00   1.19837E+00   2.62051E-02   1.69495E+00   7.20669E-04   4.65973E-02   1.63939E+05   9.72237E-02
   4   251   0   0   9.22061E+00   1.19591E+00   2.61511E-02   1.69146E+00   7.19169E-04   4.65005E-02   1.63935E+05   9.72231E-02
   4   252   0   0   9.22002E+00   1.19221E+00   2.60699E-02   1.68622E+00   7.16913E-04   4.63549E-02   1.63930E+05   9.72222E-02
   4   253   0   0   9.21979E+00   1.19082E+00   2.60395E-02   1.68425E+00   7.16066E-04   4.63005E-02   1.63928E+05   9.72218E-02
   4   254   0   0   9.21946E+00   1.18873E+00   2.59937E-02   1.68130E+00   7.14794E-04   4.62184E-02   1.63925E+05   9.72213E-02
   4   255   0   0   9.21879E+00   1.18454E+00   2.59017E-02   1.67536E+00   7.12238E-04   4.60534E-02   1.63918E+05   9.72203E-02
   4   256   0   0   9.21845E+00   1.18244E+00   2.58557E-02   1.67238E+00   7.10958E-04   4.59709E-02   1.63915E+05   9.72198E-02
   4   257   0   0   9.21778E+00   1.17822E+00   2.57632E-02   1.66641E+00   7.08388E-04   4.58051E-02   1.63909E+05   9.72187E-02
   4   258   0   0   9.21728E+00   1.17505E+00   2.56936E-02   1.66191E+00   7.06454E-04   4.56802E-02   1.63904E+05   9.72180E-02
   4   259   0   0   9.21703E+00   1.17346E+00   2.56588E-02   1.65966E+00   7.05486E-04   4.56178E-02   1.63902E+05   9.72176E-02
   4   260   0   0   9.21696E+00   1.17306E+00   2.56501E-02   1.65910E+00   7.05244E-04   4.56021E-02   1.63901E+05   9.72175E-02
   4   261   0   0   9.21684E+00   1.17226E+00   2.56326E-02   1.65797E+00   7.04758E-04   4.55708E-02   1.63900E+05   9.72173E-02
   4   262   0   0   9.21659E+00   1.17067E+00   2.55976E-02   1.65572E+00   7.03786E-04   4.55083E-02   1.63898E+05   9.72169E-02
   4   263   0   0   9.21608E+00   1.16747E+00   2.55275E-02   1.65119E+00   7.01838E-04   4.53826E-02   1.63893E+05   9.72161E-02
   4   264   0   0   9.21583E+00   1.16587E+00   2.54924E-02   1.64892E+00   7.00864E-04   4.53197E-02   1.63891E+05   9.72158E-02
   4   265   0   0   9.21558E+00   1.16426E+00   2.54573E-02   1.64665E+00   6.99886E-04   4.52566E-02   1.63888E+05   9.72154E-02
   4   266   0   0   9.21520E+00   1.16185E+00   2.54043E-02   1.64323E+00   6.98416E-04   4.51617E-02   1.63885E+05   9.72148E-02
   4   267   0   0   9.21483E+00   1.15943E+00   2.53513E-02   1.63980E+00   6.96944E-04   4.50666E-02   1.63881E+05   9.72142E-02
   4   268   0   0   9.21445E+00   1.15701E+00   2.52983E-02   1.63638E+00   6.95470E-04   4.49716E-02   1.63878E+05   9.72136E-02
   4   269   0   0   9.21407E+00   1.15458E+00   2.52450E-02   1.63294E+00   6.93991E-04   4.48761E-02   1.63874E+05   9.72130E-02
   4   270   0   0   9.21388E+00   1.15336E+00   2.52184E-02   1.63121E+00   6.93250E-04   4.48283E-02   1.63872E+05   9.72128E-02
   4   271   0   0   9.21351E+00   1.15093E+00   2.51650E-02   1.62777E+00   6.91766E-04   4.47327E-02   1.63869E+05   9.72122E-02
   4   272   0   0   9.21294E+00   1.14727E+00   2.50847E-02   1.62258E+00   6.89538E-04   4.45889E-02   1.63864E+05   9.72113E-02
   4   273   0   0   9.21252E+00   1.14450E+00   2.50241E-02   1.61866E+00   6.87854E-04   4.44802E-02   1.63860E+05   9.72106E-02
   4   274   0   0   9.21230E+00   1.14312E+00   2.49938E-02   1.61671E+00   6.87014E-04   4.44261E-02   1.63858E+05   9.72103E-02
   4   275   0   0   9.21209E+00   1.14173E+00   2.49635E-02   1.61476E+00   6.86174E-04   4.43719E-02   1.63856E+05   9.72100E-02
   4   276   0   0   9.21177E+00   1.13965E+00   2.49179E-02   1.61181E+00   6.84907E-04   4.42901E-02   1.63853E+05   9.72095E-02
   4   277   0   0   9.21130E+00   1.13653E+00   2.48494E-02   1.60739E+00   6.83005E-04   4.41674E-02   1.63848E+05   9.72088E-02
   4   278   0   0   9.21106E+00   1.13496E+00   2.48149E-02   1.60516E+00   6.82049E-04   4.41057E-02   1.63846E+05   9.72084E-02
   4   279   0   0   9.21070E+00   1.13260E+00   2.47633E-02   1.60182E+00   6.80616E-04   4.40131E-02   1.63843E+05   9.72078E-02
   4   280   0   0   9.20998E+00   1.12787E+00   2.46597E-02   1.59513E+00   6.77738E-04   4.38276E-02   1.63836E+05   9.72067E-02
   4   281   0   0   9.20927E+00   1.12312E+00   2.45556E-02   1.58841E+00   6.74851E-04   4.36412E-02   1.63829E+05   9.72056E-02
   4   282   0   0   9.20920E+00   1.12268E+00   2.45458E-02   1.58777E+00   6.74579E-04   4.36236E-02   1.63829E+05   9.72055E-02
   4   283   0   0   9.20910E+00   1.12200E+00   2.45311E-02   1.58683E+00   6.74170E-04   4.35975E-02   1.63828E+05   9.72054E-02
   4   284   0   0   9.20900E+00   1.12134E+00   2.45164E-02   1.58588E+00   6.73764E-04   4.35712E-02   1.63827E+05   9.72052E-02
   4   285   0   0   9.20890E+00   1.12067E+00   2.45017E-02   1.58494E+00   6.73356E-04   4.35449E-02   1.63826E+05   9.72051E-02
   4   286   0   0   9.20885E+00   1.12033E+00   2.44943E-02   1.58445E+00   6.73149E-04   4.35315E-02   1.63825E+05   9.72050E-02
   4   287   0   0   9.20881E+00   1.12007E+00   2.44888E-02   1.58409E+00   6.72996E-04   4.35216E-02   1.63825E+05   9.72049E-02
   4   288   0   0   9.20875E+00   1.11970E+00   2.44805E-02   1.58356E+00   6.72767E-04   4.35068E-02   1.63824E+05   9.72048E-02
   4   289   0   0   9.20864E+00   1.11894E+00   2.44640E-02   1.58249E+00   6.72309E-04   4.34772E-02   1.63823E+05   9.72047E-02
   4   290   0   0   9.20858E+00   1.11856E+00   2.44557E-02   1.58195E+00   6.72078E-04   4.34623E-02   1.63823E+05   9.72046E-02
   4   291   0   0   9.20854E+00   1.11828E+00   2.44494E-02   1.58155E+00   6.71905E-04   4.34511E-02   1.63822E+05   9.72045E-02
   4   292   0   0   9.20846E+00   1.11771E+00   2.44370E-02   1.58075E+00   6.71560E-04   4.34290E-02   1.63822E+05   9.72044E-02
   4   293   0   0   9.20837E+00   1.11714E+00   2.44246E-02   1.57995E+00   6.71215E-04   4.34067E-02   1.63821E+05   9.72042E-02
   4   294   0   0   9.20820E+00   1.11601E+00   2.43996E-02   1.57834E+00   6.70523E-04   4.33621E-02   1.63819E+05   9.72040E-02
   4   295   0   0   9.20795E+00   1.11430E+00   2.43622E-02   1.57592E+00   6.69485E-04   4.32952E-02   1.63817E+05   9.72036E-02
   4   296   0   0   9.20782E+00   1.11344E+00   2.43434E-02   1.57471E+00   6.68963E-04   4.32615E-02   1.63816E+05   9.72034E-02
   4   297   0   0   9.20780E+00   1.11333E+00   2.43411E-02   1.57456E+00   6.68897E-04   4.32572E-02   1.63816E+05   9.72034E-02
   4   298   0   0   9.20777E+00   1.11312E+00   2.43364E-02   1.57426E+00   6.68769E-04   4.32489E-02   1.63815E+05   9.72033E-02
   4   299   0   0   9.20771E+00   1.11269E+00   2.43269E-02   1.57364E+00   6.68506E-04   4.32320E-02   1.63815E+05   9.72032E-02
   4   300  54  26   9.20768E+00   1.11247E+00   2.43222E-02   1.57334E+00   6.68376E-04   4.32235E-02   1.63814E+05   9.72032E-02
   4   301   0   0   9.20761E+00   1.11205E+00   2.43129E-02   1.57274E+00   6.68118E-04   4.32069E-02   1.63814E+05   9.72031E-02
   4   302   0   0   9.20755E+00   1.11163E+00   2.43036E-02   1.57214E+00   6.67859E-04   4.31902E-02   1.63813E+05   9.72030E-02
   4   303   0   0   9.20748E+00   1.11120E+00   2.42942E-02   1.57153E+00   6.67598E-04   4.31733E-02   1.63813E+05   9.72029E-02
   4   304   0   0   9.20742E+00   1.11076E+00   2.42847E-02   1.57092E+00   6.67333E-04   4.31565E-02   1.63812E+05   9.72028E-02
   4   305   0   0   9.20736E+00   1.11033E+00   2.42753E-02   1.57031E+00   6.67072E-04   4.31397E-02   1.63811E+05   9.72027E-02
   4   306   0   0   9.20726E+00   1.10969E+00   2.42612E-02   1.56940E+00   6.66680E-04   4.31144E-02   1.63810E+05   9.72025E-02
   4   307   0   0   9.20707E+00   1.10840E+00   2.42329E-02   1.56757E+00   6.65897E-04   4.30637E-02   1.63809E+05   9.72022E-02
   4   308   0   0   9.20669E+00   1.10582E+00   2.41763E-02   1.56391E+00   6.64327E-04   4.29623E-02   1.63805E+05   9.72016E-02
   4   309   0   0   9.20650E+00   1.10452E+00   2.41479E-02   1.56208E+00   6.63540E-04   4.29115E-02   1.63803E+05   9.72013E-02
   4   310   0   0   9.20635E+00   1.10355E+00   2.41268E-02   1.56070E+00   6.62955E-04   4.28733E-02   1.63802E+05   9.72011E-02
   4   311   0   0   9.20621E+00   1.10258E+00   2.41054E-02   1.55932E+00   6.62364E-04   4.28351E-02   1.63801E+05   9.72009E-02
   4   312   0   0   9.20592E+00   1.10063E+00   2.40627E-02   1.55656E+00   6.61180E-04   4.27586E-02   1.63798E+05   9.72004E-02
   4   313   0   0   9.20549E+00   1.09770E+00   2.39985E-02   1.55242E+00   6.59395E-04   4.26439E-02   1.63794E+05   9.71998E-02
   4   314   0   0   9.20517E+00   1.09550E+00   2.39502E-02   1.54930E+00   6.58057E-04   4.25575E-02   1.63791E+05   9.71993E-02
   4   315   0   0   9.20485E+00   1.09329E+00   2.39018E-02   1.54617E+00   6.56713E-04   4.24707E-02   1.63788E+05   9.71988E-02
   4   316   0   0   9.20453E+00   1.09107E+00   2.38532E-02   1.54305E+00   6.55367E-04   4.23842E-02   1.63785E+05   9.71983E-02
   4   317   0   0   9.20437E+00   1.08997E+00   2.38290E-02   1.54148E+00   6.54694E-04   4.23408E-02   1.63783E+05   9.71980E-02
   4   318   0   0   9.20404E+00   1.08774E+00   2.37802E-02   1.53833E+00   6.53343E-04   4.22535E-02   1.63780E+05   9.71975E-02
   4   319   0   0   9.20388E+00   1.08663E+00   2.37559E-02   1.53675E+00   6.52671E-04   4.22098E-02   1.63779E+05   9.71973E-02
   4   320   0   0   9.20356E+00   1.08441E+00   2.37072E-02   1.53360E+00   6.51319E-04   4.21226E-02   1.63776E+05   9.71968E-02
   4   321   0   0   9.20291E+00   1.07993E+00   2.36092E-02   1.52727E+00   6.48603E-04   4.19472E-02   1.63770E+05   9.71958E-02
   4   322   0   0   9.20227E+00   1.07544E+00   2.35108E-02   1.52092E+00   6.45873E-04   4.17712E-02   1.63764E+05   9.71948E-02
   4   323   0   0   9.20162E+00   1.07093E+00   2.34119E-02   1.51452E+00   6.43132E-04   4.15942E-02   1.63758E+05   9.71938E-02
   4   324   0   0   9.20138E+00   1.06923E+00   2.33747E-02   1.51213E+00   6.42103E-04   4.15277E-02   1.63755E+05   9.71934E-02
   4   325   0   0   9.20126E+00   1.06838E+00   2.33559E-02   1.51092E+00   6.41581E-04   4.14943E-02   1.63754E+05   9.71932E-02
   4   326   0   0   9.20120E+00   1.06795E+00   2.33466E-02   1.51032E+00   6.41324E-04   4.14777E-02   1.63754E+05   9.71931E-02
   4   327   0   0   9.20111E+00   1.06732E+00   2.33327E-02   1.50942E+00   6.40938E-04   4.14527E-02   1.63753E+05   9.71930E-02
   4   328   0   0   9.20102E+00   1.06667E+00   2.33187E-02   1.50850E+00   6.40549E-04   4.14275E-02   1.63752E+05   9.71928E-02
   4   329   0   0   9.20101E+00   1.06660E+00   2.33170E-02   1.50840E+00   6.40503E-04   4.14245E-02   1.63752E+05   9.71928E-02
   4   330   0   0   9.20099E+00   1.06648E+00   2.33145E-02   1.50824E+00   6.40435E-04   4.14201E-02   1.63752E+05   9.71928E-02
   4   331   0   0   9.20098E+00   1.06642E+00   2.33126E-02   1.50814E+00   6.40377E-04   4.14175E-02   1.63752E+05   9.71928E-02
   4   332   0   0   9.20098E+00   1.06638E+00   2.33119E-02   1.50810E+00   6.40357E-04   4.14162E-02   1.63752E+05   9.71928E-02
   4   333   0   0   9.20097E+00   1.06636E+00   2.33113E-02   1.50806E+00   6.40342E-04   4.14152E-02   1.63752E+05   9.71928E-02
   4   334   0   0   9.20097E+00   1.06634E+00   2.33113E-02   1.50804E+00   6.40346E-04   4.14145E-02   1.63752E+05   9.71927E-02
   4   335   0   0   9.20097E+00   1.06632E+00   2.33108E-02   1.50800E+00   6.40332E-04   4.14136E-02   1.63752E+05   9.71927E-02
   4   336   0   0   9.20096E+00   1.06627E+00   2.33097E-02   1.50793E+00   6.40303E-04   4.14117E-02   1.63752E+05   9.71927E-02
   4   337   0   0   9.20096E+00   1.06623E+00   2.33085E-02   1.50787E+00   6.40265E-04   4.14099E-02   1.63751E+05   9.71927E-02
   4   338   0   0   9.20095E+00   1.06618E+00   2.33076E-02   1.50781E+00   6.40240E-04   4.14083E-02   1.63751E+05   9.71927E-02
   4   339   0   0   9.20095E+00   1.06616E+00   2.33071E-02   1.50778E+00   6.40227E-04   4.14075E-02   1.63751E+05   9.71927E-02
   4   340   0   0   9.20094E+00   1.06612E+00   2.33062E-02   1.50772E+00   6.40205E-04   4.14058E-02   1.63751E+05   9.71927E-02
   4   341   0   0   9.20093E+00   1.06603E+00   2.33043E-02   1.50759E+00   6.40151E-04   4.14023E-02   1.63751E+05   9.71927E-02
   4   342   0   0   9.20090E+00   1.06585E+00   2.33003E-02   1.50734E+00   6.40041E-04   4.13952E-02   1.63751E+05   9.71926E-02
   4   343   0   0   9.20085E+00   1.06549E+00   2.32927E-02   1.50683E+00   6.39829E-04   4.13810E-02   1.63750E+05   9.71926E-02
   4   344   0   0   9.20075E+00   1.06477E+00   2.32769E-02   1.50581E+00   6.39391E-04   4.13528E-02   1.63750E+05   9.71924E-02
   4   345   0   0   9.20065E+00   1.06405E+00   2.32611E-02   1.50479E+00   6.38954E-04   4.13246E-02   1.63749E+05   9.71922E-02
   4   346   0   0   9.20049E+00   1.06297E+00   2.32374E-02   1.50326E+00   6.38297E-04   4.12822E-02   1.63747E+05   9.71920E-02
   4   347   0   0   9.20019E+00   1.06080E+00   2.31899E-02   1.50018E+00   6.36980E-04   4.11971E-02   1.63744E+05   9.71915E-02
   4   348   0   0   9.19988E+00   1.05862E+00   2.31423E-02   1.49711E+00   6.35662E-04   4.11120E-02   1.63741E+05   9.71910E-02
   4   349   0   0   9.19973E+00   1.05754E+00   2.31182E-02   1.49557E+00   6.34993E-04   4.10695E-02   1.63740E+05   9.71908E-02
   4   350   0   0   9.19958E+00   1.05645E+00   2.30944E-02   1.49403E+00   6.34332E-04   4.10268E-02   1.63739E+05   9.71906E-02
   4   351   0   0   9.19946E+00   1.05563E+00   2.30765E-02   1.49287E+00   6.33835E-04   4.09947E-02   1.63737E+05   9.71904E-02
   4   352   0   0   9.19935E+00   1.05481E+00   2.30585E-02   1.49171E+00   6.33340E-04   4.09627E-02   1.63736E+05   9.71902E-02
   4   353   0   0   9.19912E+00   1.05317E+00   2.30226E-02   1.48940E+00   6.32347E-04   4.08985E-02   1.63734E+05   9.71899E-02
   4   354   0   0   9.19889E+00   1.05153E+00   2.29867E-02   1.48707E+00   6.31350E-04   4.08342E-02   1.63732E+05   9.71895E-02
   4   355   0   0   9.19854E+00   1.04906E+00   2.29325E-02   1.48358E+00   6.29851E-04   4.07374E-02   1.63729E+05   9.71890E-02
   4   356   0   0   9.19837E+00   1.04783E+00   2.29055E-02   1.48183E+00   6.29102E-04   4.06891E-02   1.63727E+05   9.71887E-02
   4   357   0   0   9.19828E+00   1.04721E+00   2.28919E-02   1.48095E+00   6.28725E-04   4.06647E-02   1.63726E+05   9.71886E-02
   4   358   0   0   9.19820E+00   1.04659E+00   2.28784E-02   1.48008E+00   6.28353E-04   4.06405E-02   1.63726E+05   9.71884E-02
   4   359   0   0   9.19813E+00   1.04612E+00   2.28682E-02   1.47942E+00   6.28070E-04   4.06223E-02   1.63725E+05   9.71883E-02
   4   360   0   0   9.19804E+00   1.04543E+00   2.28529E-02   1.47843E+00   6.27646E-04   4.05949E-02   1.63724E+05   9.71882E-02
   4   361   0   0   9.19784E+00   1.04403E+00   2.28224E-02   1.47645E+00   6.26798E-04   4.05403E-02   1.63722E+05   9.71879E-02
   4   362   0   0   9.19775E+00   1.04333E+00   2.28071E-02   1.47546E+00   6.26375E-04   4.05130E-02   1.63721E+05   9.71877E-02
   4   363   0   0   9.19770E+00   1.04298E+00   2.27994E-02   1.47497E+00   6.26161E-04   4.04991E-02   1.63721E+05   9.71876E-02
   4   364   0   0   9.19765E+00   1.04263E+00   2.27916E-02   1.47447E+00   6.25946E-04   4.04855E-02   1.63721E+05   9.71876E-02
   4   365   0   0   9.19760E+00   1.04228E+00   2.27839E-02   1.47398E+00   6.25734E-04   4.04718E-02   1.63720E+05   9.71875E-02
   4   366   0   0   9.19750E+00   1.04158E+00   2.27686E-02   1.47299E+00   6.25309E-04   4.04444E-02   1.63719E+05   9.71873E-02
   4   367   0   0   9.19741E+00   1.04088E+00   2.27532E-02   1.47200E+00   6.24887E-04   4.04170E-02   1.63718E+05   9.71872E-02
   4   368   0   0   9.19721E+00   1.03948E+00   2.27224E-02   1.47001E+00   6.24036E-04   4.03620E-02   1.63716E+05   9.71869E-02
   4   369   0   0   9.19692E+00   1.03737E+00   2.26762E-02   1.46702E+00   6.22755E-04   4.02793E-02   1.63714E+05   9.71864E-02
   4   370   0   0   9.19663E+00   1.03525E+00   2.26300E-02   1.46403E+00   6.21472E-04   4.01965E-02   1.63711E+05   9.71860E-02
   4   371   0   0   9.19634E+00   1.03314E+00   2.25836E-02   1.46103E+00   6.20189E-04   4.01137E-02   1.63708E+05   9.71855E-02
   4   372   0   0   9.19620E+00   1.03208E+00   2.25605E-02   1.45954E+00   6.19548E-04   4.00722E-02   1.63707E+05   9.71853E-02
   4   373   0   0   9.19591E+00   1.02995E+00   2.25138E-02   1.45653E+00   6.18261E-04   3.99890E-02   1.63704E+05   9.71848E-02
   4   374   0   0   9.19562E+00   1.02782E+00   2.24670E-02   1.45350E+00   6.16967E-04   3.99054E-02   1.63702E+05   9.71844E-02
   4   375   0   0   9.19518E+00   1.02462E+00   2.23968E-02   1.44897E+00   6.15024E-04   3.97799E-02   1.63697E+05   9.71837E-02
   4   376   0   0   9.19474E+00   1.02140E+00   2.23264E-02   1.44442E+00   6.13076E-04   3.96540E-02   1.63693E+05   9.71830E-02
   4   377   0   0   9.19431E+00   1.01818E+00   2.22558E-02   1.43985E+00   6.11121E-04   3.95278E-02   1.63689E+05   9.71823E-02
   4   378   0   0   9.19420E+00   1.01737E+00   2.22381E-02   1.43871E+00   6.10632E-04   3.94962E-02   1.63688E+05   9.71822E-02
   4   379   0   0   9.19409E+00   1.01656E+00   2.22204E-02   1.43756E+00   6.10144E-04   3.94645E-02   1.63687E+05   9.71820E-02
   4   380   0   0   9.19393E+00   1.01534E+00   2.21937E-02   1.43584E+00   6.09407E-04   3.94169E-02   1.63686E+05   9.71817E-02
   4   381   0   0   9.19360E+00   1.01291E+00   2.21404E-02   1.43239E+00   6.07930E-04   3.93215E-02   1.63683E+05   9.71812E-02
   4   382   0   0   9.19327E+00   1.01047E+00   2.20870E-02   1.42894E+00   6.06457E-04   3.92261E-02   1.63680E+05   9.71807E-02
   4   383   0   0   9.19311E+00   1.00924E+00   2.20601E-02   1.42720E+00   6.05713E-04   3.91780E-02   1.63678E+05   9.71805E-02
   4   384   0   0   9.19295E+00   1.00801E+00   2.20332E-02   1.42547E+00   6.04970E-04   3.91300E-02   1.63677E+05   9.71802E-02
   4   385   0   0   9.19262E+00   1.00556E+00   2.19796E-02   1.42198E+00   6.03487E-04   3.90338E-02   1.63673E+05   9.71797E-02
   4   386   0   0   9.19213E+00   1.00187E+00   2.18988E-02   1.41676E+00   6.01252E-04   3.88894E-02   1.63669E+05   9.71789E-02
   4   387   0   0   9.19176E+00   9.99089E-01   2.18380E-02   1.41283E+00   5.99568E-04   3.87806E-02   1.63665E+05   9.71783E-02
   4   388   0   0   9.19140E+00   9.96304E-01   2.17767E-02   1.40889E+00   5.97877E-04   3.86717E-02   1.63662E+05   9.71778E-02
   4   389   0   0   9.19121E+00   9.94900E-01   2.17460E-02   1.40690E+00   5.97027E-04   3.86168E-02   1.63660E+05   9.71775E-02
   4   390   0   0   9.19094E+00   9.92801E-01   2.17000E-02   1.40393E+00   5.95755E-04   3.85346E-02   1.63658E+05   9.71770E-02
   4   391   0   0   9.19066E+00   9.90698E-01   2.16542E-02   1.40095E+00   5.94483E-04   3.84524E-02   1.63655E+05   9.71766E-02
   4   392   0   0   9.19045E+00   9.89117E-01   2.16196E-02   1.39871E+00   5.93526E-04   3.83905E-02   1.63653E+05   9.71763E-02
   4   393   0   0   9.19025E+00   9.87531E-01   2.15848E-02   1.39647E+00   5.92565E-04   3.83285E-02   1.63651E+05   9.71760E-02
   4   394   0   0   9.19009E+00   9.86338E-01   2.15587E-02   1.39478E+00   5.91845E-04   3.82818E-02   1.63650E+05   9.71757E-02
   4   395   0   0   9.18986E+00   9.84549E-01   2.15195E-02   1.39225E+00   5.90761E-04   3.82118E-02   1.63648E+05   9.71754E-02
   4   396   0   0   9.18939E+00   9.80962E-01   2.14409E-02   1.38717E+00   5.88590E-04   3.80715E-02   1.63643E+05   9.71746E-02
   4   397   0   0   9.18916E+00   9.79166E-01   2.14018E-02   1.38462E+00   5.87505E-04   3.80012E-02   1.63641E+05   9.71743E-02
   4   398   0   0   9.18907E+00   9.78491E-01   2.13870E-02   1.38367E+00   5.87096E-04   3.79748E-02   1.63640E+05   9.71741E-02
   4   399   0   0   9.18890E+00   9.77132E-01   2.13573E-02   1.38174E+00   5.86273E-04   3.79217E-02   1.63639E+05   9.71738E-02
   4   400  54  27   9.18873E+00   9.75776E-01   2.13275E-02   1.37983E+00   5.85451E-04   3.78687E-02   1.63637E+05   9.71736E-02
   4   401   0   0   9.18846E+00   9.73741E-01   2.12829E-02   1.37695E+00   5.84219E-04   3.77891E-02   1.63635E+05   9.71732E-02
   4   402   0   0   9.18820E+00   9.71706E-01   2.12383E-02   1.37407E+00   5.82987E-04   3.77095E-02   1.63632E+05   9.71727E-02
   4   403   0   0   9.18810E+00   9.70932E-01   2.12219E-02   1.37296E+00   5.82525E-04   3.76791E-02   1.63631E+05   9.71726E-02
   4   404   0   0   9.18801E+00   9.70166E-01   2.12051E-02   1.37187E+00   5.82062E-04   3.76492E-02   1.63630E+05   9.71724E-02
   4   405   0   0   9.18791E+00   9.69398E-01   2.11883E-02   1.37079E+00   5.81597E-04   3.76191E-02   1.63629E+05   9.71723E-02
   4   406   0   0   9.18776E+00   9.68244E-01   2.11628E-02   1.36916E+00   5.80896E-04   3.75739E-02   1.63628E+05   9.71720E-02
   4   407   0   0   9.18761E+00   9.67090E-01   2.11375E-02   1.36753E+00   5.80197E-04   3.75288E-02   1.63627E+05   9.71718E-02
   4   408   0   0   9.18732E+00   9.64780E-01   2.10869E-02   1.36426E+00   5.78799E-04   3.74385E-02   1.63624E+05   9.71714E-02
   4   409   0   0   9.18725E+00   9.64194E-01   2.10742E-02   1.36343E+00   5.78446E-04   3.74157E-02   1.63623E+05   9.71712E-02
   4   410   0   0   9.18724E+00   9.64138E-01   2.10730E-02   1.36335E+00   5.78412E-04   3.74135E-02   1.63623E+05   9.71712E-02
   4   411   0   0   9.18723E+00   9.64089E-01   2.10719E-02   1.36328E+00   5.78383E-04   3.74115E-02   1.63623E+05   9.71712E-02
   4   412   0   0   9.18723E+00   9.64064E-01   2.10713E-02   1.36324E+00   5.78367E-04   3.74105E-02   1.63623E+05   9.71712E-02
   4   413   0   0   9.18722E+00   9.64034E-01   2.10706E-02   1.36320E+00   5.78349E-04   3.74093E-02   1.63623E+05   9.71712E-02
   4   414   0   0   9.18722E+00   9.64003E-01   2.10700E-02   1.36315E+00   5.78330E-04   3.74081E-02   1.63623E+05   9.71712E-02
   4   415   0   0   9.18721E+00   9.63946E-01   2.10687E-02   1.36308E+00   5.78295E-04   3.74061E-02   1.63623E+05   9.71712E-02
   4   416   0   0   9.18721E+00   9.63931E-01   2.10683E-02   1.36306E+00   5.78285E-04   3.74055E-02   1.63623E+05   9.71712E-02
   4   417   0   0   9.18721E+00   9.63928E-01   2.10683E-02   1.36306E+00   5.78283E-04   3.74054E-02   1.63623E+05   9.71712E-02
   4   418   0   0   9.18721E+00   9.63924E-01   2.10682E-02   1.36305E+00   5.78281E-04   3.74052E-02   1.63623E+05   9.71712E-02
   4   419   0   0   9.18721E+00   9.63913E-01   2.10680E-02   1.36303E+00   5.78274E-04   3.74048E-02   1.63623E+05   9.71712E-02
   4   420   0   0   9.18721E+00   9.63903E-01   2.10678E-02   1.36302E+00   5.78268E-04   3.74044E-02   1.63623E+05   9.71712E-02
   4   421   0   0   9.18721E+00   9.63881E-01   2.10672E-02   1.36299E+00   5.78255E-04   3.74035E-02   1.63623E+05   9.71712E-02
   4   422   0   0   9.18720E+00   9.63845E-01   2.10665E-02   1.36294E+00   5.78233E-04   3.74021E-02   1.63623E+05   9.71712E-02
   4   423   0   0   9.18719E+00   9.63800E-01   2.10655E-02   1.36287E+00   5.78206E-04   3.74003E-02   1.63623E+05   9.71712E-02
   4   424   0   0   9.18719E+00   9.63776E-01   2.10651E-02   1.36284E+00   5.78193E-04   3.73993E-02   1.63623E+05   9.71711E-02
   4   425   0   0   9.18719E+00   9.63736E-01   2.10642E-02   1.36278E+00   5.78168E-04   3.73978E-02   1.63623E+05   9.71711E-02
   4   426   0   0   9.18718E+00   9.63676E-01   2.10629E-02   1.36269E+00   5.78132E-04   3.73954E-02   1.63623E+05   9.71711E-02
   4   427   0   0   9.18716E+00   9.63558E-01   2.10602E-02   1.36253E+00   5.78059E-04   3.73908E-02   1.63622E+05   9.71711E-02
   4   428   0   0   9.18716E+00   9.63529E-01   2.10595E-02   1.36249E+00   5.78042E-04   3.73896E-02   1.63622E+05   9.71711E-02
   4   429   0   0   9.18715E+00   9.63472E-01   2.10583E-02   1.36241E+00   5.78008E-04   3.73874E-02   1.63622E+05   9.71711E-02
   4   430   0   0   9.18715E+00   9.63436E-01   2.10574E-02   1.36236E+00   5.77984E-04   3.73861E-02   1.63622E+05   9.71711E-02
   4   431   0   0   9.18714E+00   9.63407E-01   2.10568E-02   1.36232E+00   5.77966E-04   3.73849E-02   1.63622E+05   9.71711E-02
   4   432   0   0   9.18714E+00   9.63388E-01   2.10564E-02   1.36229E+00   5.77955E-04   3.73842E-02   1.63622E+05   9.71711E-02
   4   433   0   0   9.18714E+00   9.63345E-01   2.10555E-02   1.36222E+00   5.77932E-04   3.73824E-02   1.63622E+05   9.71711E-02
   4   434   0   0   9.18713E+00   9.63320E-01   2.10550E-02   1.36219E+00   5.77916E-04   3.73814E-02   1.63622E+05   9.71711E-02
   4   435   0   0   9.18713E+00   9.63293E-01   2.10544E-02   1.36215E+00   5.77900E-04   3.73803E-02   1.63622E+05   9.71711E-02
   4   436   0   0   9.18713E+00   9.63253E-01   2.10534E-02   1.36210E+00   5.77874E-04   3.73789E-02   1.63622E+05   9.71710E-02
   4   437   0   0   9.18712E+00   9.63177E-01   2.10518E-02   1.36199E+00   5.77828E-04   3.73759E-02   1.63622E+05   9.71710E-02
   4   438   0   0   9.18711E+00   9.63100E-01   2.10501E-02   1.36188E+00   5.77781E-04   3.73729E-02   1.63622E+05   9.71710E-02
   4   439   0   0   9.18709E+00   9.62985E-01   2.10477E-02   1.36172E+00   5.77713E-04   3.73684E-02   1.63622E+05   9.71710E-02
   4   440   0   0   9.18706E+00   9.62757E-01   2.10427E-02   1.36139E+00   5.77575E-04   3.73594E-02   1.63621E+05   9.71709E-02
   4   441   0   0   9.18702E+00   9.62400E-01   2.10349E-02   1.36089E+00   5.77359E-04   3.73455E-02   1.63621E+05   9.71709E-02
   4   442   0   0   9.18701E+00   9.62313E-01   2.10330E-02   1.36077E+00   5.77307E-04   3.73421E-02   1.63621E+05   9.71709E-02
   4   443   0   0   9.18700E+00   9.62227E-01   2.10312E-02   1.36064E+00   5.77255E-04   3.73387E-02   1.63621E+05   9.71708E-02
   4   444   0   0   9.18698E+00   9.62140E-01   2.10293E-02   1.36052E+00   5.77203E-04   3.73353E-02   1.63621E+05   9.71708E-02
   4   445   0   0   9.18696E+00   9.61967E-01   2.10253E-02   1.36027E+00   5.77096E-04   3.73285E-02   1.63621E+05   9.71708E-02
   4   446   0   0   9.18692E+00   9.61621E-01   2.10177E-02   1.35978E+00   5.76886E-04   3.73150E-02   1.63620E+05   9.71707E-02
   4   447   0   0   9.18683E+00   9.60919E-01   2.10024E-02   1.35879E+00   5.76462E-04   3.72875E-02   1.63619E+05   9.71706E-02
   4   448   0   0   9.18674E+00   9.60218E-01   2.09871E-02   1.35780E+00   5.76038E-04   3.72602E-02   1.63618E+05   9.71704E-02
   4   449   0   0   9.18656E+00   9.58816E-01   2.09564E-02   1.35582E+00   5.75190E-04   3.72054E-02   1.63617E+05   9.71702E-02
   4   450   0   0   9.18621E+00   9.56014E-01   2.08950E-02   1.35185E+00   5.73494E-04   3.70958E-02   1.63614E+05   9.71696E-02
   4   451   0   0   9.18603E+00   9.54609E-01   2.08643E-02   1.34985E+00   5.72645E-04   3.70408E-02   1.63612E+05   9.71693E-02
   4   452   0   0   9.18595E+00   9.53904E-01   2.08488E-02   1.34886E+00   5.72218E-04   3.70132E-02   1.63611E+05   9.71692E-02
   4   453   0   0   9.18581E+00   9.52847E-01   2.08257E-02   1.34736E+00   5.71579E-04   3.69719E-02   1.63610E+05   9.71690E-02
   4   454   0   0   9.18555E+00   9.50727E-01   2.07791E-02   1.34437E+00   5.70295E-04   3.68892E-02   1.63607E+05   9.71686E-02
   4   455   0   0   9.18535E+00   9.49131E-01   2.07442E-02   1.34211E+00   5.69329E-04   3.68268E-02   1.63605E+05   9.71682E-02
   4   456   0   0   9.18515E+00   9.47535E-01   2.07092E-02   1.33985E+00   5.68364E-04   3.67644E-02   1.63604E+05   9.71679E-02
   4   457   0   0   9.18495E+00   9.45940E-01   2.06746E-02   1.33758E+00   5.67402E-04   3.67019E-02   1.63602E+05   9.71676E-02
   4   458   0   0   9.18455E+00   9.42735E-01   2.06045E-02   1.33305E+00   5.65464E-04   3.65767E-02   1.63598E+05   9.71670E-02
   4   459   0   0   9.18396E+00   9.37907E-01   2.04988E-02   1.32622E+00   5.62543E-04   3.63880E-02   1.63592E+05   9.71660E-02
   4   460   0   0   9.18388E+00   9.37301E-01   2.04855E-02   1.32536E+00   5.62177E-04   3.63643E-02   1.63592E+05   9.71659E-02
   4   461   0   0   9.18381E+00   9.36695E-01   2.04723E-02   1.32450E+00   5.61811E-04   3.63406E-02   1.63591E+05   9.71658E-02
   4   462   0   0   9.18366E+00   9.35484E-01   2.04458E-02   1.32279E+00   5.61078E-04   3.62933E-02   1.63590E+05   9.71656E-02
   4   463   0   0   9.18336E+00   9.33059E-01   2.03926E-02   1.31936E+00   5.59611E-04   3.61987E-02   1.63587E+05   9.71651E-02
   4   464   0   0   9.18330E+00   9.32598E-01   2.03825E-02   1.31871E+00   5.59332E-04   3.61806E-02   1.63586E+05   9.71650E-02
   4   465   0   0   9.18325E+00   9.32137E-01   2.03724E-02   1.31805E+00   5.59054E-04   3.61626E-02   1.63586E+05   9.71649E-02
   4   466   0   0   9.18314E+00   9.31219E-01   2.03524E-02   1.31674E+00   5.58499E-04   3.61265E-02   1.63585E+05   9.71647E-02
   4   467   0   0   9.18305E+00   9.30534E-01   2.03374E-02   1.31577E+00   5.58085E-04   3.60997E-02   1.63584E+05   9.71646E-02
   4   468   0   0   9.18293E+00   9.29505E-01   2.03149E-02   1.31432E+00   5.57463E-04   3.60595E-02   1.63583E+05   9.71644E-02
   4   469   0   0   9.18280E+00   9.28472E-01   2.02923E-02   1.31285E+00   5.56839E-04   3.60190E-02   1.63582E+05   9.71642E-02
   4   470   0   0   9.18267E+00   9.27437E-01   2.02696E-02   1.31138E+00   5.56212E-04   3.59785E-02   1.63580E+05   9.71640E-02
   4   471   0   0   9.18249E+00   9.25885E-01   2.02357E-02   1.30919E+00   5.55274E-04   3.59179E-02   1.63579E+05   9.71637E-02
   4   472   0   0   9.18239E+00   9.25109E-01   2.02185E-02   1.30810E+00   5.54804E-04   3.58879E-02   1.63578E+05   9.71636E-02
   4   473   0   0   9.18220E+00   9.23552E-01   2.01844E-02   1.30590E+00   5.53863E-04   3.58270E-02   1.63576E+05   9.71633E-02
   4   474   0   0   9.18201E+00   9.21996E-01   2.01504E-02   1.30370E+00   5.52922E-04   3.57663E-02   1.63574E+05   9.71630E-02
   4   475   0   0   9.18164E+00   9.18865E-01   2.00818E-02   1.29925E+00   5.51029E-04   3.56436E-02   1.63571E+05   9.71624E-02
   4   476   0   0   9.18145E+00   9.17296E-01   2.00475E-02   1.29703E+00   5.50081E-04   3.55823E-02   1.63569E+05   9.71621E-02
   4   477   0   0   9.18135E+00   9.16511E-01   2.00303E-02   1.29592E+00   5.49606E-04   3.55517E-02   1.63568E+05   9.71619E-02
   4   478   0   0   9.18116E+00   9.14938E-01   1.99959E-02   1.29371E+00   5.48656E-04   3.54906E-02   1.63566E+05   9.71616E-02
   4   479   0   0   9.18098E+00   9.13364E-01   1.99615E-02   1.29148E+00   5.47705E-04   3.54291E-02   1.63565E+05   9.71613E-02
   4   480   0   0   9.18079E+00   9.11786E-01   1.99269E-02   1.28925E+00   5.46752E-04   3.53675E-02   1.63563E+05   9.71610E-02
   4   481   0   0   9.18069E+00   9.10991E-01   1.99097E-02   1.28811E+00   5.46271E-04   3.53363E-02   1.63562E+05   9.71609E-02
   4   482   0   0   9.18062E+00   9.10400E-01   1.98968E-02   1.28727E+00   5.45914E-04   3.53132E-02   1.63561E+05   9.71608E-02
   4   483   0   0   9.18055E+00   9.09810E-01   1.98839E-02   1.28644E+00   5.45557E-04   3.52902E-02   1.63561E+05   9.71606E-02
   4   484   0   0   9.18041E+00   9.08623E-01   1.98578E-02   1.28476E+00   5.44841E-04   3.52438E-02   1.63559E+05   9.71604E-02
   4   485   0   0   9.18027E+00   9.07434E-01   1.98318E-02   1.28308E+00   5.44122E-04   3.51974E-02   1.63558E+05   9.71602E-02
   4   486   0   0   9.18013E+00   9.06238E-01   1.98056E-02   1.28138E+00   5.43400E-04   3.51507E-02   1.63557E+05   9.71600E-02
   4   487   0   0   9.18006E+00   9.05641E-01   1.97926E-02   1.28054E+00   5.43039E-04   3.51274E-02   1.63556E+05   9.71599E-02
   4   488   0   0   9.17991E+00   9.04446E-01   1.97664E-02   1.27885E+00   5.42316E-04   3.50807E-02   1.63555E+05   9.71596E-02
   4   489   0   0   9.17970E+00   9.02653E-01   1.97272E-02   1.27631E+00   5.41233E-04   3.50107E-02   1.63553E+05   9.71593E-02
   4   490   0   0   9.17949E+00   9.00859E-01   1.96879E-02   1.27377E+00   5.40149E-04   3.49407E-02   1.63551E+05   9.71590E-02
   4   491   0   0   9.17944E+00   9.00407E-01   1.96780E-02   1.27313E+00   5.39876E-04   3.49230E-02   1.63550E+05   9.71589E-02
   4   492   0   0   9.17936E+00   8.99729E-01   1.96632E-02   1.27217E+00   5.39467E-04   3.48966E-02   1.63549E+05   9.71588E-02
   4   493   0   0   9.17920E+00   8.98375E-01   1.96335E-02   1.27027E+00   5.38649E-04   3.48439E-02   1.63548E+05   9.71585E-02
   4   494   0   0   9.17908E+00   8.97355E-01   1.96111E-02   1.26882E+00   5.38032E-04   3.48041E-02   1.63547E+05   9.71583E-02
   4   495   0   0   9.17896E+00   8.96337E-01   1.95888E-02   1.26738E+00   5.37417E-04   3.47643E-02   1.63546E+05   9.71581E-02
   4   496   0   0   9.17884E+00   8.95318E-01   1.95666E-02   1.26593E+00   5.36802E-04   3.47240E-02   1.63545E+05   9.71579E-02
   4   497   0   0   9.17860E+00   8.93281E-01   1.95220E-02   1.26305E+00   5.35571E-04   3.46445E-02   1.63542E+05   9.71576E-02
   4   498   0   0   9.17836E+00   8.91233E-01   1.94772E-02   1.26015E+00   5.34334E-04   3.45645E-02   1.63540E+05   9.71572E-02
   4   499   0   0   9.17824E+00   8.90206E-01   1.94548E-02   1.25869E+00   5.33712E-04   3.45246E-02   1.63539E+05   9.71570E-02
   4   500  54  28   9.17812E+00   8.89179E-01   1.94323E-02   1.25724E+00   5.33092E-04   3.44845E-02   1.63538E+05   9.71568E-02
   4   501   0   0   9.17800E+00   8.88151E-01   1.94098E-02   1.25579E+00   5.32471E-04   3.44444E-02   1.63537E+05   9.71566E-02
   4   502   0   0   9.17776E+00   8.86094E-01   1.93648E-02   1.25289E+00   5.31229E-04   3.43640E-02   1.63534E+05   9.71562E-02
   4   503   0   0   9.17753E+00   8.84029E-01   1.93196E-02   1.24997E+00   5.29981E-04   3.42834E-02   1.63532E+05   9.71558E-02
   4   504   0   0   9.17735E+00   8.82476E-01   1.92856E-02   1.24777E+00   5.29044E-04   3.42228E-02   1.63531E+05   9.71556E-02
   4   505   0   0   9.17708E+00   8.80139E-01   1.92345E-02   1.24448E+00   5.27631E-04   3.41319E-02   1.63528E+05   9.71551E-02
   4   506   0   0   9.17667E+00   8.76633E-01   1.91577E-02   1.23952E+00   5.25514E-04   3.39951E-02   1.63524E+05   9.71545E-02
   4   507   0   0   9.17665E+00   8.76415E-01   1.91530E-02   1.23921E+00   5.25383E-04   3.39866E-02   1.63524E+05   9.71545E-02
   4   508   0   0   9.17662E+00   8.76188E-01   1.91480E-02   1.23888E+00   5.25245E-04   3.39775E-02   1.63524E+05   9.71544E-02
   4   509   0   0   9.17661E+00   8.76073E-01   1.91455E-02   1.23872E+00   5.25176E-04   3.39730E-02   1.63524E+05   9.71544E-02
   4   510   0   0   9.17659E+00   8.75903E-01   1.91418E-02   1.23847E+00   5.25073E-04   3.39664E-02   1.63523E+05   9.71544E-02
   4   511   0   0   9.17659E+00   8.75840E-01   1.91404E-02   1.23839E+00   5.25037E-04   3.39640E-02   1.63523E+05   9.71543E-02
   4   512   0   0   9.17658E+00   8.75800E-01   1.91395E-02   1.23833E+00   5.25013E-04   3.39624E-02   1.63523E+05   9.71543E-02
   4   513   0   0   9.17657E+00   8.75759E-01   1.91386E-02   1.23827E+00   5.24988E-04   3.39608E-02   1.63523E+05   9.71543E-02
   4   514   0   0   9.17657E+00   8.75710E-01   1.91375E-02   1.23821E+00   5.24959E-04   3.39590E-02   1.63523E+05   9.71543E-02
   4   515   0   0   9.17657E+00   8.75684E-01   1.91370E-02   1.23817E+00   5.24943E-04   3.39580E-02   1.63523E+05   9.71543E-02
   4   516   0   0   9.17656E+00   8.75640E-01   1.91360E-02   1.23811E+00   5.24917E-04   3.39563E-02   1.63523E+05   9.71543E-02
   4   517   0   0   9.17656E+00   8.75618E-01   1.91355E-02   1.23808E+00   5.24900E-04   3.39557E-02   1.63523E+05   9.71543E-02
   4   518   0   0   9.17655E+00   8.75571E-01   1.91345E-02   1.23802E+00   5.24871E-04   3.39539E-02   1.63523E+05   9.71543E-02
   4   519   0   0   9.17655E+00   8.75500E-01   1.91330E-02   1.23792E+00   5.24829E-04   3.39511E-02   1.63523E+05   9.71543E-02
   4   520   0   0   9.17653E+00   8.75359E-01   1.91299E-02   1.23770E+00   5.24746E-04   3.39451E-02   1.63523E+05   9.71543E-02
   4   521   0   0   9.17651E+00   8.75219E-01   1.91268E-02   1.23750E+00   5.24662E-04   3.39396E-02   1.63523E+05   9.71542E-02
   4   522   0   0   9.17648E+00   8.74943E-01   1.91208E-02   1.23711E+00   5.24495E-04   3.39288E-02   1.63522E+05   9.71542E-02
   4   523   0   0   9.17645E+00   8.74668E-01   1.91147E-02   1.23673E+00   5.24329E-04   3.39182E-02   1.63522E+05   9.71541E-02
   4   524   0   0   9.17639E+00   8.74105E-01   1.91024E-02   1.23593E+00   5.23989E-04   3.38963E-02   1.63522E+05   9.71540E-02
   4   525   0   0   9.17634E+00   8.73681E-01   1.90931E-02   1.23533E+00   5.23733E-04   3.38797E-02   1.63521E+05   9.71540E-02
   4   526   0   0   9.17624E+00   8.72837E-01   1.90745E-02   1.23413E+00   5.23225E-04   3.38466E-02   1.63520E+05   9.71538E-02
   4   527   0   0   9.17617E+00   8.72211E-01   1.90608E-02   1.23324E+00   5.22847E-04   3.38222E-02   1.63520E+05   9.71537E-02
   4   528   0   0   9.17610E+00   8.71586E-01   1.90471E-02   1.23236E+00   5.22470E-04   3.37978E-02   1.63519E+05   9.71536E-02
   4   529   0   0   9.17596E+00   8.70330E-01   1.90198E-02   1.23060E+00   5.21710E-04   3.37492E-02   1.63518E+05   9.71533E-02
   4   530   0   0   9.17581E+00   8.69062E-01   1.89920E-02   1.22880E+00   5.20944E-04   3.36997E-02   1.63516E+05   9.71531E-02
   4   531   0   0   9.17567E+00   8.67797E-01   1.89644E-02   1.22702E+00   5.20180E-04   3.36504E-02   1.63515E+05   9.71529E-02
   4   532   0   0   9.17545E+00   8.65899E-01   1.89228E-02   1.22430E+00   5.19036E-04   3.35763E-02   1.63513E+05   9.71525E-02
   4   533   0   0   9.17535E+00   8.64944E-01   1.89019E-02   1.22295E+00   5.18459E-04   3.35390E-02   1.63512E+05   9.71524E-02
   4   534   0   0   9.17524E+00   8.63988E-01   1.88810E-02   1.22160E+00   5.17882E-04   3.35018E-02   1.63511E+05   9.71522E-02
   4   535   0   0   9.17502E+00   8.62077E-01   1.88392E-02   1.21893E+00   5.16722E-04   3.34274E-02   1.63509E+05   9.71519E-02
   4   536   0   0   9.17459E+00   8.58242E-01   1.87553E-02   1.21350E+00   5.14408E-04   3.32778E-02   1.63505E+05   9.71512E-02
   4   537   0   0   9.17454E+00   8.57762E-01   1.87447E-02   1.21282E+00   5.14118E-04   3.32591E-02   1.63504E+05   9.71511E-02
   4   538   0   0   9.17443E+00   8.56802E-01   1.87238E-02   1.21145E+00   5.13543E-04   3.32213E-02   1.63503E+05   9.71509E-02
   4   539   0   0   9.17427E+00   8.55351E-01   1.86920E-02   1.20939E+00   5.12668E-04   3.31648E-02   1.63502E+05   9.71507E-02
   4   540   0   0   9.17419E+00   8.54626E-01   1.86761E-02   1.20837E+00   5.12230E-04   3.31365E-02   1.63501E+05   9.71505E-02
   4   541   0   0   9.17403E+00   8.53174E-01   1.86444E-02   1.20632E+00   5.11352E-04   3.30801E-02   1.63499E+05   9.71503E-02
   4   542   0   0   9.17370E+00   8.50269E-01   1.85808E-02   1.20221E+00   5.09599E-04   3.29668E-02   1.63496E+05   9.71498E-02
   4   543   0   0   9.17306E+00   8.44421E-01   1.84528E-02   1.19394E+00   5.06071E-04   3.27388E-02   1.63490E+05   9.71487E-02
   4   544   0   0   9.17298E+00   8.43688E-01   1.84368E-02   1.19291E+00   5.05630E-04   3.27103E-02   1.63490E+05   9.71486E-02
   4   545   0   0   9.17286E+00   8.42589E-01   1.84128E-02   1.19135E+00   5.04967E-04   3.26675E-02   1.63488E+05   9.71484E-02
   4   546   0   0   9.17280E+00   8.42039E-01   1.84007E-02   1.19057E+00   5.04635E-04   3.26460E-02   1.63488E+05   9.71483E-02
   4   547   0   0   9.17268E+00   8.40939E-01   1.83766E-02   1.18902E+00   5.03961E-04   3.26032E-02   1.63487E+05   9.71481E-02
   4   548   0   0   9.17262E+00   8.40376E-01   1.83643E-02   1.18822E+00   5.03622E-04   3.25812E-02   1.63486E+05   9.71480E-02
   4   549   0   0   9.17258E+00   8.40098E-01   1.83582E-02   1.18783E+00   5.03454E-04   3.25704E-02   1.63486E+05   9.71480E-02
   4   550   0   0   9.17254E+00   8.39683E-01   1.83492E-02   1.18723E+00   5.03212E-04   3.25540E-02   1.63486E+05   9.71479E-02
   4   551   0   0   9.17247E+00   8.39061E-01   1.83355E-02   1.18635E+00   5.02836E-04   3.25297E-02   1.63485E+05   9.71478E-02
   4   552   0   0   9.17234E+00   8.37815E-01   1.83083E-02   1.18459E+00   5.02085E-04   3.24811E-02   1.63484E+05   9.71476E-02
   4   553   0   0   9.17220E+00   8.36563E-01   1.82809E-02   1.18283E+00   5.01329E-04   3.24326E-02   1.63482E+05   9.71474E-02
   4   554   0   0   9.17199E+00   8.34683E-01   1.82398E-02   1.18017E+00   5.00195E-04   3.23593E-02   1.63480E+05   9.71470E-02
   4   555   0   0   9.17159E+00   8.30916E-01   1.81573E-02   1.17484E+00   4.97923E-04   3.22125E-02   1.63477E+05   9.71464E-02
   4   556   0   0   9.17148E+00   8.29974E-01   1.81367E-02   1.17350E+00   4.97354E-04   3.21755E-02   1.63476E+05   9.71462E-02
   4   557   0   0   9.17128E+00   8.28090E-01   1.80955E-02   1.17083E+00   4.96217E-04   3.21020E-02   1.63474E+05   9.71459E-02
   4   558   0   0   9.17127E+00   8.27965E-01   1.80928E-02   1.17065E+00   4.96142E-04   3.20972E-02   1.63474E+05   9.71459E-02
   4   559   0   0   9.17125E+00   8.27841E-01   1.80901E-02   1.17049E+00   4.96069E-04   3.20927E-02   1.63473E+05   9.71458E-02
   4   560   0   0   9.17123E+00   8.27596E-01   1.80847E-02   1.17015E+00   4.95921E-04   3.20832E-02   1.63473E+05   9.71458E-02
   4   561   0   0   9.17119E+00   8.27246E-01   1.80770E-02   1.16965E+00   4.95710E-04   3.20695E-02   1.63473E+05   9.71457E-02
   4   562   0   0   9.17116E+00   8.26979E-01   1.80712E-02   1.16926E+00   4.95548E-04   3.20589E-02   1.63473E+05   9.71457E-02
   4   563   0   0   9.17113E+00   8.26713E-01   1.80654E-02   1.16889E+00   4.95387E-04   3.20485E-02   1.63472E+05   9.71456E-02
   4   564   0   0   9.17108E+00   8.26179E-01   1.80537E-02   1.16813E+00   4.95065E-04   3.20277E-02   1.63472E+05   9.71456E-02
   4   565   0   0   9.17096E+00   8.25101E-01   1.80301E-02   1.16662E+00   4.94412E-04   3.19861E-02   1.63471E+05   9.71454E-02
   4   566   0   0   9.17085E+00   8.24022E-01   1.80065E-02   1.16509E+00   4.93762E-04   3.19440E-02   1.63470E+05   9.71452E-02
   4   567   0   0   9.17082E+00   8.23769E-01   1.80009E-02   1.16473E+00   4.93609E-04   3.19341E-02   1.63469E+05   9.71451E-02
   4   568   0   0   9.17080E+00   8.23639E-01   1.79981E-02   1.16454E+00   4.93535E-04   3.19289E-02   1.63469E+05   9.71451E-02
   4   569   0   0   9.17079E+00   8.23543E-01   1.79960E-02   1.16441E+00   4.93477E-04   3.19251E-02   1.63469E+05   9.71451E-02
   4   570   0   0   9.17079E+00   8.23515E-01   1.79954E-02   1.16437E+00   4.93460E-04   3.19240E-02   1.63469E+05   9.71451E-02
   4   571   0   0   9.17079E+00   8.23473E-01   1.79945E-02   1.16431E+00   4.93430E-04   3.19224E-02   1.63469E+05   9.71451E-02
   4   572   0   0   9.17078E+00   8.23431E-01   1.79936E-02   1.16425E+00   4.93405E-04   3.19208E-02   1.63469E+05   9.71451E-02
   4   573   0   0   9.17078E+00   8.23421E-01   1.79933E-02   1.16424E+00   4.93400E-04   3.19204E-02   1.63469E+05   9.71451E-02
   4   574   0   0   9.17078E+00   8.23420E-01   1.79933E-02   1.16424E+00   4.93402E-04   3.19204E-02   1.63469E+05   9.71451E-02
   4   575   0   0   9.17078E+00   8.23419E-01   1.79933E-02   1.16423E+00   4.93401E-04   3.19204E-02   1.63469E+05   9.71451E-02
   4   576   0   0   9.17078E+00   8.23402E-01   1.79929E-02   1.16421E+00   4.93391E-04   3.19197E-02   1.63469E+05   9.71451E-02
   4   577   0   0   9.17078E+00   8.23393E-01   1.79927E-02   1.16419E+00   4.93386E-04   3.19190E-02   1.63469E+05   9.71451E-02
   4   578   0   0   9.17078E+00   8.23384E-01   1.79925E-02   1.16417E+00   4.93381E-04   3.19187E-02   1.63469E+05   9.71451E-02
   4   579   0   0   9.17077E+00   8.23366E-01   1.79921E-02   1.16415E+00   4.93370E-04   3.19179E-02   1.63469E+05   9.71451E-02
   4   580   0   0   9.17077E+00   8.23338E-01   1.79914E-02   1.16412E+00   4.93349E-04   3.19173E-02   1.63469E+05   9.71451E-02
   4   581   0   0   9.17077E+00   8.23310E-01   1.79908E-02   1.16409E+00   4.93332E-04   3.19162E-02   1.63469E+05   9.71451E-02
   4   582   0   0   9.17076E+00   8.23255E-01   1.79896E-02   1.16401E+00   4.93298E-04   3.19141E-02   1.63469E+05   9.71451E-02
   4   583   0   0   9.17075E+00   8.23145E-01   1.79873E-02   1.16384E+00   4.93236E-04   3.19096E-02   1.63469E+05   9.71450E-02
   4   584   0   0   9.17074E+00   8.23091E-01   1.79861E-02   1.16377E+00   4.93203E-04   3.19074E-02   1.63469E+05   9.71450E-02
   4   585   0   0   9.17074E+00   8.23062E-01   1.79855E-02   1.16373E+00   4.93186E-04   3.19063E-02   1.63469E+05   9.71450E-02
   4   586   0   0   9.17073E+00   8.23004E-01   1.79842E-02   1.16365E+00   4.93153E-04   3.19041E-02   1.63469E+05   9.71450E-02
   4   587   0   0   9.17072E+00   8.22885E-01   1.79816E-02   1.16348E+00   4.93081E-04   3.18995E-02   1.63469E+05   9.71450E-02
   4   588   0   0   9.17072E+00   8.22830E-01   1.79804E-02   1.16340E+00   4.93048E-04   3.18973E-02   1.63468E+05   9.71450E-02
   4   589   0   0   9.17071E+00   8.22792E-01   1.79796E-02   1.16336E+00   4.93023E-04   3.18962E-02   1.63468E+05   9.71450E-02
   4   590   0   0   9.17071E+00   8.22783E-01   1.79794E-02   1.16334E+00   4.93018E-04   3.18958E-02   1.63468E+05   9.71450E-02
   4   591   0   0   9.17071E+00   8.22773E-01   1.79792E-02   1.16333E+00   4.93012E-04   3.18955E-02   1.63468E+05   9.71450E-02
   4   592   0   0   9.17071E+00   8.22762E-01   1.79789E-02   1.16330E+00   4.93003E-04   3.18947E-02   1.63468E+05   9.71450E-02
   4   593   0   0   9.17071E+00   8.22745E-01   1.79785E-02   1.16328E+00   4.92993E-04   3.18940E-02   1.63468E+05   9.71450E-02
   4   594   0   0   9.17071E+00   8.22728E-01   1.79782E-02   1.16325E+00   4.92983E-04   3.18933E-02   1.63468E+05   9.71450E-02
   4   595   0   0   9.17071E+00   8.22724E-01   1.79781E-02   1.16324E+00   4.92986E-04   3.18929E-02   1.63468E+05   9.71450E-02
   4   596   0   0   9.17070E+00   8.22717E-01   1.79779E-02   1.16323E+00   4.92982E-04   3.18926E-02   1.63468E+05   9.71450E-02
   4   597   0   0   9.17070E+00   8.22703E-01   1.79776E-02   1.16321E+00   4.92973E-04   3.18921E-02   1.63468E+05   9.71450E-02
   4   598   0   0   9.17070E+00   8.22681E-01   1.79771E-02   1.16319E+00   4.92954E-04   3.18916E-02   1.63468E+05   9.71450E-02
   4   599   0   0   9.17070E+00   8.22671E-01   1.79769E-02   1.16318E+00   4.92948E-04   3.18912E-02   1.63468E+05   9.71450E-02
   4   600  54  29   9.17070E+00   8.22666E-01   1.79768E-02   1.16317E+00   4.92945E-04   3.18910E-02   1.63468E+05   9.71450E-02
   4   601   0   0   9.17070E+00   8.22656E-01   1.79766E-02   1.16316E+00   4.92939E-04   3.18906E-02   1.63468E+05   9.71449E-02
   4   602   0   0   9.17070E+00   8.22645E-01   1.79763E-02   1.16314E+00   4.92932E-04   3.18902E-02   1.63468E+05   9.71449E-02
   4   603   0   0   9.17070E+00   8.22639E-01   1.79762E-02   1.16313E+00   4.92929E-04   3.18900E-02   1.63468E+05   9.71449E-02
   4   604   0   0   9.17069E+00   8.22627E-01   1.79760E-02   1.16312E+00   4.92921E-04   3.18896E-02   1.63468E+05   9.71449E-02
   4   605   0   0   9.17069E+00   8.22598E-01   1.79753E-02   1.16308E+00   4.92903E-04   3.18884E-02   1.63468E+05   9.71449E-02
   4   606   0   0   9.17069E+00   8.22569E-01   1.79747E-02   1.16303E+00   4.92886E-04   3.18873E-02   1.63468E+05   9.71449E-02
   4   607   0   0   9.17068E+00   8.22511E-01   1.79734E-02   1.16295E+00   4.92853E-04   3.18849E-02   1.63468E+05   9.71449E-02
   4   608   0   0   9.17067E+00   8.22393E-01   1.79709E-02   1.16278E+00   4.92783E-04   3.18803E-02   1.63468E+05   9.71449E-02
   4   609   0   0   9.17065E+00   8.22162E-01   1.79658E-02   1.16245E+00   4.92644E-04   3.18713E-02   1.63468E+05   9.71449E-02
   4   610   0   0   9.17063E+00   8.21998E-01   1.79621E-02   1.16222E+00   4.92537E-04   3.18649E-02   1.63468E+05   9.71448E-02
   4   611   0   0   9.17061E+00   8.21832E-01   1.79585E-02   1.16199E+00   4.92437E-04   3.18584E-02   1.63467E+05   9.71448E-02
   4   612   0   0   9.17059E+00   8.21656E-01   1.79546E-02   1.16174E+00   4.92331E-04   3.18516E-02   1.63467E+05   9.71448E-02
   4   613   0   0   9.17058E+00   8.21577E-01   1.79530E-02   1.16163E+00   4.92290E-04   3.18486E-02   1.63467E+05   9.71448E-02
   4   614   0   0   9.17058E+00   8.21515E-01   1.79516E-02   1.16154E+00   4.92252E-04   3.18462E-02   1.63467E+05   9.71448E-02
   4   615   0   0   9.17057E+00   8.21451E-01   1.79502E-02   1.16145E+00   4.92214E-04   3.18437E-02   1.63467E+05   9.71447E-02
   4   616   0   0   9.17056E+00   8.21322E-01   1.79474E-02   1.16126E+00   4.92134E-04   3.18383E-02   1.63467E+05   9.71447E-02
   4   617   0   0   9.17053E+00   8.21128E-01   1.79431E-02   1.16098E+00   4.92017E-04   3.18307E-02   1.63467E+05   9.71447E-02
   4   618   0   0   9.17049E+00   8.20749E-01   1.79349E-02   1.16045E+00   4.91789E-04   3.18160E-02   1.63466E+05   9.71446E-02
   4   619   0   0   9.17045E+00   8.20369E-01   1.79265E-02   1.15991E+00   4.91558E-04   3.18013E-02   1.63466E+05   9.71446E-02
   4   620   0   0   9.17041E+00   8.19988E-01   1.79182E-02   1.15937E+00   4.91328E-04   3.17864E-02   1.63466E+05   9.71445E-02
   4   621   0   0   9.17037E+00   8.19605E-01   1.79098E-02   1.15883E+00   4.91097E-04   3.17715E-02   1.63465E+05   9.71444E-02
   4   622   0   0   9.17029E+00   8.18827E-01   1.78928E-02   1.15773E+00   4.90637E-04   3.17411E-02   1.63464E+05   9.71443E-02
   4   623   0   0   9.17025E+00   8.18439E-01   1.78843E-02   1.15718E+00   4.90403E-04   3.17260E-02   1.63464E+05   9.71442E-02
   4   624   0   0   9.17017E+00   8.17667E-01   1.78674E-02   1.15609E+00   4.89937E-04   3.16959E-02   1.63463E+05   9.71441E-02
   4   625   0   0   9.17004E+00   8.16510E-01   1.78421E-02   1.15445E+00   4.89240E-04   3.16509E-02   1.63462E+05   9.71439E-02
   4   626   0   0   9.16980E+00   8.14196E-01   1.77915E-02   1.15118E+00   4.87845E-04   3.15607E-02   1.63460E+05   9.71435E-02
   4   627   0   0   9.16955E+00   8.11883E-01   1.77409E-02   1.14791E+00   4.86450E-04   3.14706E-02   1.63458E+05   9.71431E-02
   4   628   0   0   9.16943E+00   8.10716E-01   1.77154E-02   1.14627E+00   4.85740E-04   3.14254E-02   1.63456E+05   9.71429E-02
   4   629   0   0   9.16937E+00   8.10133E-01   1.77026E-02   1.14544E+00   4.85388E-04   3.14027E-02   1.63456E+05   9.71428E-02
   4   630   0   0   9.16925E+00   8.08968E-01   1.76771E-02   1.14379E+00   4.84686E-04   3.13573E-02   1.63455E+05   9.71426E-02
   4   631   0   0   9.16912E+00   8.07794E-01   1.76514E-02   1.14213E+00   4.83981E-04   3.13114E-02   1.63454E+05   9.71424E-02
   4   632   0   0   9.16903E+00   8.06918E-01   1.76323E-02   1.14089E+00   4.83453E-04   3.12773E-02   1.63453E+05   9.71423E-02
   4   633   0   0   9.16894E+00   8.06042E-01   1.76131E-02   1.13965E+00   4.82925E-04   3.12432E-02   1.63452E+05   9.71421E-02
   4   634   0   0   9.16876E+00   8.04286E-01   1.75747E-02   1.13717E+00   4.81863E-04   3.11748E-02   1.63450E+05   9.71418E-02
   4   635   0   0   9.16869E+00   8.03622E-01   1.75601E-02   1.13623E+00   4.81463E-04   3.11490E-02   1.63449E+05   9.71417E-02
   4   636   0   0   9.16862E+00   8.02958E-01   1.75456E-02   1.13529E+00   4.81063E-04   3.11231E-02   1.63449E+05   9.71416E-02
   4   637   0   0   9.16848E+00   8.01631E-01   1.75166E-02   1.13342E+00   4.80262E-04   3.10716E-02   1.63447E+05   9.71414E-02
   4   638   0   0   9.16820E+00   7.98976E-01   1.74585E-02   1.12966E+00   4.78663E-04   3.09681E-02   1.63445E+05   9.71410E-02
   4   639   0   0   9.16765E+00   7.93629E-01   1.73415E-02   1.12210E+00   4.75440E-04   3.07598E-02   1.63440E+05   9.71401E-02
   4   640   0   0   9.16751E+00   7.92292E-01   1.73123E-02   1.12020E+00   4.74636E-04   3.07077E-02   1.63438E+05   9.71398E-02
   4   641   0   0   9.16738E+00   7.90949E-01   1.72829E-02   1.11830E+00   4.73826E-04   3.06553E-02   1.63437E+05   9.71396E-02
   4   642   0   0   9.16724E+00   7.89604E-01   1.72535E-02   1.11640E+00   4.73016E-04   3.06030E-02   1.63436E+05   9.71394E-02
   4   643   0   0   9.16717E+00   7.88926E-01   1.72386E-02   1.11544E+00   4.72604E-04   3.05765E-02   1.63435E+05   9.71393E-02
   4   644   0   0   9.16710E+00   7.88249E-01   1.72238E-02   1.11448E+00   4.72197E-04   3.05501E-02   1.63435E+05   9.71392E-02
   4   645   0   0   9.16700E+00   7.87236E-01   1.72017E-02   1.11305E+00   4.71586E-04   3.05107E-02   1.63434E+05   9.71390E-02
   4   646   0   0   9.16689E+00   7.86223E-01   1.71795E-02   1.11162E+00   4.70975E-04   3.04714E-02   1.63433E+05   9.71389E-02
   4   647   0   0   9.16669E+00   7.84197E-01   1.71352E-02   1.10875E+00   4.69754E-04   3.03925E-02   1.63431E+05   9.71385E-02
   4   648   0   0   9.16667E+00   7.84067E-01   1.71323E-02   1.10857E+00   4.69676E-04   3.03874E-02   1.63431E+05   9.71385E-02
   4   649   0   0   9.16665E+00   7.83871E-01   1.71281E-02   1.10829E+00   4.69559E-04   3.03798E-02   1.63430E+05   9.71385E-02
   4   650   0   0   9.16662E+00   7.83576E-01   1.71216E-02   1.10788E+00   4.69381E-04   3.03683E-02   1.63430E+05   9.71384E-02
   4   651   0   0   9.16662E+00   7.83540E-01   1.71208E-02   1.10783E+00   4.69360E-04   3.03670E-02   1.63430E+05   9.71384E-02
   4   652   0   0   9.16661E+00   7.83472E-01   1.71193E-02   1.10773E+00   4.69313E-04   3.03644E-02   1.63430E+05   9.71384E-02
   4   653   0   0   9.16661E+00   7.83420E-01   1.71181E-02   1.10766E+00   4.69282E-04   3.03624E-02   1.63430E+05   9.71384E-02
   4   654   0   0   9.16660E+00   7.83343E-01   1.71164E-02   1.10755E+00   4.69235E-04   3.03594E-02   1.63430E+05   9.71384E-02
   4   655   0   0   9.16658E+00   7.83188E-01   1.71131E-02   1.10733E+00   4.69148E-04   3.03532E-02   1.63430E+05   9.71384E-02
   4   656   0   0   9.16657E+00   7.83020E-01   1.71095E-02   1.10709E+00   4.69047E-04   3.03467E-02   1.63430E+05   9.71383E-02
   4   657   0   0   9.16655E+00   7.82851E-01   1.71058E-02   1.10685E+00   4.68945E-04   3.03401E-02   1.63429E+05   9.71383E-02
   4   658   0   0   9.16652E+00   7.82530E-01   1.70986E-02   1.10640E+00   4.68744E-04   3.03276E-02   1.63429E+05   9.71382E-02
   4   659   0   0   9.16648E+00   7.82207E-01   1.70915E-02   1.10594E+00   4.68550E-04   3.03151E-02   1.63429E+05   9.71382E-02
   4   660   0   0   9.16642E+00   7.81563E-01   1.70774E-02   1.10503E+00   4.68162E-04   3.02900E-02   1.63428E+05   9.71381E-02
   4   661   0   0   9.16635E+00   7.80919E-01   1.70635E-02   1.10412E+00   4.67780E-04   3.02648E-02   1.63428E+05   9.71380E-02
   4   662   0   0   9.16622E+00   7.79627E-01   1.70352E-02   1.10229E+00   4.67002E-04   3.02144E-02   1.63426E+05   9.71378E-02
   4   663   0   0   9.16616E+00   7.78981E-01   1.70211E-02   1.10137E+00   4.66613E-04   3.01893E-02   1.63426E+05   9.71377E-02
   4   664   0   0   9.16603E+00   7.77669E-01   1.69924E-02   1.09952E+00   4.65820E-04   3.01382E-02   1.63425E+05   9.71375E-02
   4   665   0   0   9.16599E+00   7.77345E-01   1.69853E-02   1.09906E+00   4.65625E-04   3.01256E-02   1.63424E+05   9.71374E-02
   4   666   0   0   9.16598E+00   7.77184E-01   1.69818E-02   1.09883E+00   4.65528E-04   3.01194E-02   1.63424E+05   9.71374E-02
   4   667   0   0   9.16596E+00   7.77023E-01   1.69782E-02   1.09861E+00   4.65429E-04   3.01132E-02   1.63424E+05   9.71374E-02
   4   668   0   0   9.16593E+00   7.76703E-01   1.69712E-02   1.09816E+00   4.65235E-04   3.01007E-02   1.63424E+05   9.71373E-02
   4   669   0   0   9.16586E+00   7.76049E-01   1.69569E-02   1.09723E+00   4.64842E-04   3.00753E-02   1.63423E+05   9.71372E-02
   4   670   0   0   9.16583E+00   7.75722E-01   1.69498E-02   1.09677E+00   4.64645E-04   3.00625E-02   1.63423E+05   9.71371E-02
   4   671   0   0   9.16576E+00   7.75068E-01   1.69355E-02   1.09584E+00   4.64251E-04   3.00371E-02   1.63422E+05   9.71370E-02
   4   672   0   0   9.16563E+00   7.73759E-01   1.69068E-02   1.09399E+00   4.63463E-04   2.99861E-02   1.63421E+05   9.71368E-02
   4   673   0   0   9.16537E+00   7.71139E-01   1.68494E-02   1.09028E+00   4.61883E-04   2.98838E-02   1.63418E+05   9.71364E-02
   4   674   0   0   9.16511E+00   7.68521E-01   1.67921E-02   1.08657E+00   4.60306E-04   2.97818E-02   1.63416E+05   9.71360E-02
   4   675   0   0   9.16485E+00   7.65879E-01   1.67343E-02   1.08283E+00   4.58715E-04   2.96790E-02   1.63413E+05   9.71356E-02
   4   676   0   0   9.16472E+00   7.64558E-01   1.67054E-02   1.08098E+00   4.57922E-04   2.96279E-02   1.63412E+05   9.71354E-02
   4   677   0   0   9.16465E+00   7.63898E-01   1.66910E-02   1.08004E+00   4.57524E-04   2.96022E-02   1.63412E+05   9.71352E-02
   4   678   0   0   9.16452E+00   7.62571E-01   1.66620E-02   1.07817E+00   4.56725E-04   2.95505E-02   1.63410E+05   9.71350E-02
   4   679   0   0   9.16439E+00   7.61241E-01   1.66329E-02   1.07628E+00   4.55921E-04   2.94987E-02   1.63409E+05   9.71348E-02
   4   680   0   0   9.16419E+00   7.59244E-01   1.65892E-02   1.07346E+00   4.54719E-04   2.94210E-02   1.63407E+05   9.71345E-02
   4   681   0   0   9.16400E+00   7.57249E-01   1.65456E-02   1.07064E+00   4.53518E-04   2.93433E-02   1.63406E+05   9.71342E-02
   4   682   0   0   9.16380E+00   7.55239E-01   1.65014E-02   1.06779E+00   4.52316E-04   2.92651E-02   1.63404E+05   9.71339E-02
   4   683   0   0   9.16360E+00   7.53213E-01   1.64571E-02   1.06493E+00   4.51097E-04   2.91863E-02   1.63402E+05   9.71336E-02
   4   684   0   0   9.16331E+00   7.50174E-01   1.63907E-02   1.06063E+00   4.49267E-04   2.90680E-02   1.63399E+05   9.71331E-02
   4   685   0   0   9.16272E+00   7.44088E-01   1.62575E-02   1.05202E+00   4.45604E-04   2.88311E-02   1.63394E+05   9.71321E-02
   4   686   0   0   9.16271E+00   7.44010E-01   1.62558E-02   1.05191E+00   4.45557E-04   2.88281E-02   1.63393E+05   9.71321E-02
   4   687   0   0   9.16271E+00   7.43971E-01   1.62549E-02   1.05185E+00   4.45533E-04   2.88265E-02   1.63393E+05   9.71321E-02
   4   688   0   0   9.16270E+00   7.43890E-01   1.62535E-02   1.05174E+00   4.45476E-04   2.88234E-02   1.63393E+05   9.71321E-02
   4   689   0   0   9.16270E+00   7.43883E-01   1.62533E-02   1.05173E+00   4.45473E-04   2.88231E-02   1.63393E+05   9.71321E-02
   4   690   0   0   9.16270E+00   7.43870E-01   1.62530E-02   1.05171E+00   4.45465E-04   2.88226E-02   1.63393E+05   9.71321E-02
   4   691   0   0   9.16270E+00   7.43844E-01   1.62524E-02   1.05167E+00   4.45451E-04   2.88216E-02   1.63393E+05   9.71321E-02
   4   692   0   0   9.16269E+00   7.43793E-01   1.62513E-02   1.05160E+00   4.45420E-04   2.88196E-02   1.63393E+05   9.71321E-02
   4   693   0   0   9.16268E+00   7.43689E-01   1.62490E-02   1.05146E+00   4.45358E-04   2.88156E-02   1.63393E+05   9.71321E-02
   4   694   0   0   9.16267E+00   7.43585E-01   1.62467E-02   1.05131E+00   4.45292E-04   2.88116E-02   1.63393E+05   9.71321E-02
   4   695   0   0   9.16265E+00   7.43373E-01   1.62421E-02   1.05101E+00   4.45164E-04   2.88033E-02   1.63393E+05   9.71320E-02
   4   696   0   0   9.16262E+00   7.43054E-01   1.62351E-02   1.05056E+00   4.44972E-04   2.87909E-02   1.63393E+05   9.71320E-02
   4   697   0   0   9.16259E+00   7.42716E-01   1.62277E-02   1.05008E+00   4.44771E-04   2.87777E-02   1.63392E+05   9.71319E-02
   4   698   0   0   9.16256E+00   7.42398E-01   1.62208E-02   1.04963E+00   4.44579E-04   2.87653E-02   1.63392E+05   9.71319E-02
   4   699   0   0   9.16253E+00   7.42070E-01   1.62136E-02   1.04916E+00   4.44382E-04   2.87526E-02   1.63392E+05   9.71318E-02
   4   700  54  30   9.16251E+00   7.41916E-01   1.62100E-02   1.04895E+00   4.44295E-04   2.87466E-02   1.63392E+05   9.71318E-02
   4   701   0   0   9.16249E+00   7.41666E-01   1.62046E-02   1.04859E+00   4.44144E-04   2.87368E-02   1.63391E+05   9.71318E-02
   4   702   0   0   9.16248E+00   7.41542E-01   1.62019E-02   1.04842E+00   4.44070E-04   2.87320E-02   1.63391E+05   9.71317E-02
   4   703   0   0   9.16245E+00   7.41294E-01   1.61965E-02   1.04807E+00   4.43919E-04   2.87224E-02   1.63391E+05   9.71317E-02
   4   704   0   0   9.16243E+00   7.41048E-01   1.61911E-02   1.04772E+00   4.43771E-04   2.87129E-02   1.63391E+05   9.71317E-02
   4   705   0   0   9.16241E+00   7.40812E-01   1.61859E-02   1.04739E+00   4.43629E-04   2.87037E-02   1.63391E+05   9.71316E-02
   4   706   0   0   9.16239E+00   7.40636E-01   1.61822E-02   1.04714E+00   4.43520E-04   2.86968E-02   1.63390E+05   9.71316E-02
   4   707   0   0   9.16237E+00   7.40465E-01   1.61784E-02   1.04690E+00   4.43417E-04   2.86901E-02   1.63390E+05   9.71316E-02
   4   708   0   0   9.16237E+00   7.40437E-01   1.61778E-02   1.04685E+00   4.43400E-04   2.86890E-02   1.63390E+05   9.71316E-02
   4   709   0   0   9.16237E+00   7.40409E-01   1.61772E-02   1.04681E+00   4.43381E-04   2.86879E-02   1.63390E+05   9.71316E-02
   4   710   0   0   9.16237E+00   7.40394E-01   1.61769E-02   1.04679E+00   4.43372E-04   2.86873E-02   1.63390E+05   9.71316E-02
   4   711 -59  31   9.16237E+00   7.40394E-01   1.61769E-02   1.04679E+00   4.43372E-04   2.86873E-02   1.63390E+05   9.71316E-02
